2.6484909348535394e-14
1.0000000000000007
1.0
1.0
1.0000000000000002
0.9999999999999998
0.9999999999999999
0.9999999999999999
1.0
1.0000000000000004
0.9999999999999997
0.9999999999999998
0.9999999999999998
0.9999999999999998
0.9999999999999994
0.9999999999999992
0.9999999999999984
0.9999999999999996
1.0000000000000002
1.0000000000000007
1.000000000000001
0.9999999999999996
1.0000000000000007
1.0000000000000002
1.0000000000000004
0.9999999999999974
0.9999999999999968
0.9999999999999943
0.9999999999999971
1.000000000000001
1.0000000000000002
1.0000000000000002
1.0000000000000004
1.000000000000005
1.0000000000000033
1.000000000000002
1.0000000000000024
0.999999999999998
0.9999999999999997
0.9999999999999984
0.9999999999999977
0.9999999999999997
0.9999999999999999
1.0
1.0000000000000002
0.9999999999999996
0.9999999999999994
0.9999999999999991
0.9999999999999994
1.0000000000000013
1.0000000000000022
1.0000000000000018
1.0000000000000033
1.0
0.9999999999999933
0.9999999999999958
0.9999999999999936
1.000000000000002
1.000000000000001
1.000000000000002
1.0000000000000024
0.9999999999999971
0.9999999999999991
0.9999999999999976
0.9999999999999984
1.0000000000000147
1.000000000000002
1.000000000000004
1.0000000000000093
0.9999999999999976
0.9999999999999969
0.9999999999999968
0.9999999999999988
1.0000000000000009
1.0000000000000004
1.0000000000000007
1.000000000000001
0.9999999999999989
0.9999999999999998
0.9999999999999998
0.9999999999999997
1.0000000000000007
1.0000000000000009
1.0000000000000002
1.0
1.0000000000000002
0.9999999999999998
1.0
0.9999999999999997
1.0000000000000007
1.0000000000000004
1.0000000000000004
0.9999999999999998
1.0
0.9999999999999994
0.9999999999999997
0.9999999999999997
0.9999999999999999
0.9999999999999998
0.9999999999999997
0.9999999999999998
1.0
1.0000000000000002
0.9999999999999992
0.9999999999999993
1.0000000000000004
1.0000000000000009
1.0000000000000007
1.0000000000000009
1.0
1.0
1.0
0.9999999999999999
1.0000000000000013
1.000000000000001
1.0000000000000004
1.0000000000000009
1.0
1.0
0.9999999999999998
0.9999999999999999
1.0
1.0
1.0000000000000002
1.0
0.9999999999999996
0.9999999999999998
0.9999999999999999
0.9999999999999997
1.0000000000000002
1.0000000000000002
1.0000000000000004
1.0000000000000002
1.000000000000005
1.0000000000000027
1.0000000000000042
1.0000000000000053
0.9999999999999982
0.9999999999999988
0.9999999999999976
0.9999999999999984
1.0000000000000009
1.000000000000001
1.000000000000001
1.0000000000000009
0.9999999999999996
0.9999999999999996
0.9999999999999998
0.9999999999999999
0.9999999999999994
0.9999999999999987
0.9999999999999988
0.9999999999999997
1.0000000000000016
1.000000000000001
1.0000000000000013
1.000000000000001
0.9999999999999993
0.9999999999999991
0.9999999999999989
0.9999999999999996
1.0000000000000007
1.0000000000000002
1.0000000000000009
1.0000000000000016
1.0000000000000016
1.0000000000000002
1.0000000000000002
1.0000000000000002
0.9999999999999988
0.9999999999999997
0.9999999999999994
0.9999999999999993
1.0000000000000004
1.0000000000000004
1.0000000000000002
1.0000000000000002
0.9999999999999998
0.9999999999999994
0.9999999999999993
0.9999999999999997
1.000000000000003
1.000000000000002
1.000000000000002
1.000000000000005
0.9999999999999978
0.9999999999999982
0.9999999999999971
0.9999999999999971
1.0000000000000016
1.0000000000000018
1.0000000000000002
1.000000000000001
0.9999999999999992
0.9999999999999993
0.9999999999999996
0.9999999999999993
1.0000000000000016
1.0000000000000016
1.0000000000000004
1.0000000000000004
1.0000000000000009
1.0000000000000007
1.0000000000000013
1.0000000000000002
0.9999999999999996
1.0000000000000002
1.0000000000000007
1.0
0.9999999999999999
1.0
0.9999999999999998
0.9999999999999998
1.0
1.0
1.0000000000000004
1.0000000000000007
0.9999999999999996
0.9999999999999993
0.9999999999999997
0.9999999999999997
1.0000000000000009
1.000000000000001
1.0000000000000013
1.0000000000000009
0.9999999999999989
0.9999999999999987
0.9999999999999993
0.9999999999999991
0.9999999999999996
1.0000000000000004
1.0000000000000002
1.0
1.0000000000000004
1.0000000000000004
1.0000000000000004
1.0000000000000004
1.0
0.9999999999999989
0.9999999999999992
0.9999999999999997
1.0000000000000007
1.0000000000000004
1.0000000000000002
0.9999999999999998
0.9999999999999999
1.0
1.0
1.0
0.9999999999999993
0.9999999999999997
0.9999999999999997
0.9999999999999994
1.0000000000000009
1.0000000000000007
1.0000000000000004
1.0000000000000004
1.000000000000001
1.0000000000000004
1.0000000000000002
1.0
1.0000000000000022
1.0000000000000004
0.9999999999999991
0.9999999999999998
0.9999999999999989
0.9999999999999991
0.9999999999999989
0.9999999999999997
0.9999999999999984
0.9999999999999991
1.0000000000000002
1.0000000000000002
1.0000000000000004
1.0000000000000004
1.0000000000000004
1.0000000000000002
1.0000000000000007
1.0000000000000007
1.0000000000000004
1.0000000000000007
1.0000000000000004
1.0000000000000002
0.9999999999999998
1.0000000000000002
1.000000000000001
1.000000000000001
1.0000000000000009
1.000000000000001
0.9999999999999996
0.9999999999999993
0.9999999999999994
0.9999999999999988
0.9999999999999981
0.9999999999999999
1.0000000000000007
1.0000000000000007
0.9999999999999989
0.9999999999999996
0.9999999999999999
0.9999999999999998
0.9999999999999972
1.0000000000000044
0.9999999999999998
0.9999999999999994
1.0000000000000007
1.0000000000000009
1.0000000000000007
1.0000000000000009
0.9999999999999992
0.9999999999999994
0.9999999999999998
0.9999999999999992
1.0000000000000024
1.0000000000000009
1.0000000000000013
1.0000000000000016
0.9999999999999949
0.999999999999997
0.9999999999999967
0.9999999999999964
0.9999999999999463
1.0000000000000406
1.0000000000000318
1.0000000000000178
0.9999999999999938
0.9999999999999926
0.9999999999999878
0.9999999999999933
1.000000000000005
1.000000000000003
1.0000000000000047
1.0000000000000022
0.9999999999999992
0.9999999999999991
0.9999999999999997
0.999999999999999
1.0000000000000016
1.000000000000001
1.0000000000000013
1.000000000000001
0.999999999999998
0.9999999999999959
0.9999999999999976
0.9999999999999954
0.9999999999999996
1.0000000000000007
1.0000000000000007
1.0000000000000007
1.0000000000000002
0.9999999999999997
1.0000000000000004
1.0000000000000004
1.0000000000000002
0.9999999999999966
0.9999999999999931
0.9999999999999896
1.000000000000002
1.000000000000004
1.0000000000000022
1.0000000000000038
1.0000000000000016
1.0000000000000013
1.0000000000000009
1.0000000000000007
1.0000000000000007
1.0000000000000004
1.0000000000000007
1.0
0.9999999999999999
1.0000000000000007
1.0000000000000004
1.0
0.9999999999999991
0.9999999999999997
0.9999999999999997
0.9999999999999997
0.9999999999999998
0.9999999999999997
0.9999999999999999
0.9999999999999998
1.0
1.0000000000000007
1.000000000000001
1.0
1.0000000000000047
1.000000000000001
1.0000000000000033
1.0000000000000022
0.9999999999999976
0.9999999999999983
0.9999999999999986
0.9999999999999971
1.0000000000000027
1.0000000000000029
1.0000000000000024
1.0000000000000018
1.0
1.0
1.0000000000000002
1.0
0.9999999999999979
0.999999999999998
0.9999999999999971
0.9999999999999994
1.0000000000000002
0.9999999999999997
1.0000000000000002
1.0000000000000002
0.9999999999999997
0.9999999999999993
0.9999999999999996
0.9999999999999996
0.9999999999999999
0.9999999999999998
0.9999999999999998
0.9999999999999999
1.0
0.9999999999999999
0.9999999999999998
1.0
1.0
1.0000000000000002
1.0000000000000002
1.0000000000000004
0.9999999999999991
0.9999999999999988
0.9999999999999988
0.9999999999999994
1.0000000000000016
1.0000000000000013
1.0000000000000016
1.0000000000000009
0.9999999999999766
0.9999999999999978
0.9999999999999951
0.9999999999999923
1.0000000000000018
1.0000000000000009
1.0000000000000013
1.0000000000000016
0.9999999999999997
0.9999999999999997
0.9999999999999997
0.9999999999999992
1.0000000000000022
1.0000000000000018
1.0000000000000004
1.0
0.9999999999999992
0.9999999999999993
0.9999999999999993
0.9999999999999991
1.0
1.0000000000000004
1.0000000000000007
1.0000000000000004
0.9999999999999993
0.9999999999999994
0.9999999999999994
0.9999999999999999
1.0000000000000004
0.9999999999999999
1.0000000000000009
1.0000000000000004
0.9999999999999931
0.9999999999999986
0.9999999999999926
0.9999999999999912
1.0000000000000029
1.000000000000078
1.000000000000077
1.0000000000000566
0.9999999999999801
0.9999999999999708
0.9999999999999826
0.9999999999999771
1.0000000000000049
1.000000000000004
1.0000000000000036
1.0000000000000033
0.9999999999999984
0.9999999999999997
0.9999999999999994
0.9999999999999993
1.0000000000000004
1.0000000000000002
1.0000000000000004
1.0000000000000002
1.0
1.0000000000000007
1.0000000000000018
1.0000000000000004
0.9999999999999994
0.9999999999999997
0.9999999999999998
0.9999999999999991
0.9999999999999999
1.0000000000000002
1.0000000000000007
1.0000000000000002
0.9999999999999993
0.9999999999999994
0.9999999999999996
0.9999999999999999
1.0000000000000007
1.000000000000002
1.0000000000000022
1.0000000000000018
0.999999999999999
0.9999999999999983
0.9999999999999993
0.9999999999999994
1.0
1.0
1.0
1.0
1.0000000000000009
1.0000000000000007
1.0000000000000004
1.0000000000000002
0.9999999999999996
0.9999999999999984
0.9999999999999994
0.9999999999999992
1.0000000000000053
1.0000000000000027
1.0000000000000016
1.0000000000000029
0.9999999999999993
0.9999999999999986
0.9999999999999988
0.9999999999999983
1.0000000000000013
1.0000000000000016
1.0000000000000013
1.000000000000002
1.0000000000000007
1.0000000000000007
0.9999999999999998
1.0
1.0000000000000024
1.0000000000000013
1.000000000000002
1.0000000000000009
0.9999999999999997
0.9999999999999997
1.0
1.0
0.9999999999999996
0.9999999999999998
1.0
0.9999999999999999
1.0000000000000004
1.0000000000000007
1.0000000000000007
1.0000000000000004
1.0
1.0000000000000002
0.9999999999999998
0.9999999999999998
1.0
1.0000000000000004
1.0000000000000002
1.0000000000000004
1.0000000000000036
0.9999999999999963
0.9999999999999978
0.9999999999999977
1.0000000000000013
1.0000000000000002
1.0000000000000007
1.0000000000000007
1.0000000000000002
1.0000000000000004
1.0000000000000002
1.0000000000000004
1.0000000000000002
1.0
0.9999999999999998
1.0
0.9999999999999993
0.9999999999999989
0.9999999999999992
0.9999999999999997
0.9999999999999999
1.0000000000000002
0.9999999999999998
1.0
0.9999999999999998
1.0
1.0000000000000004
1.0000000000000002
1.0000000000000007
1.0000000000000004
1.0000000000000004
1.0000000000000002
1.0
0.9999999999999996
1.0000000000000002
1.0000000000000002
0.9999999999999991
0.9999999999999988
0.9999999999999976
0.9999999999999981
1.0
1.0000000000000007
1.0000000000000009
1.0000000000000004
0.9999999999999994
1.0
1.0000000000000009
1.0
1.0000000000000013
1.000000000000001
1.0000000000000007
1.0000000000000007
0.9999999999999962
0.999999999999992
0.9999999999999972
0.9999999999999941
1.0000000000000528
1.0000000000000298
1.0000000000000293
1.0000000000000364
0.9999999999999901
0.9999999999999939
0.9999999999999861
0.9999999999999961
1.000000000000003
1.0000000000000033
1.0000000000000027
1.0000000000000013
0.9999999999999991
0.9999999999999988
0.999999999999999
0.9999999999999994
0.9999999999999996
0.9999999999999991
0.9999999999999993
0.9999999999999988
1.0000000000000002
1.0000000000000007
1.0000000000000004
1.0000000000000007
1.0
0.9999999999999999
1.0
1.0000000000000002
1.0000000000000124
1.0000000000000107
1.0
0.9999999999999998
1.0000000000000002
1.0000000000000004
1.0000000000000007
1.0000000000000002
0.9999999999999987
0.999999999999999
0.9999999999999993
0.9999999999999996
1.0
1.0
1.0
1.0000000000000004
0.9999999999999987
1.0000000000000038
1.000000000000002
1.0000000000000009
1.0000000000000007
1.0000000000000004
1.0000000000000004
1.0000000000000009
0.9999999999999999
0.9999999999999999
1.0
0.9999999999999999
0.9999999999999992
1.0
0.9999999999999994
0.9999999999999996
0.9999999999999962
1.0
0.9999999999999991
0.9999999999999976
1.0000000000000018
1.0000000000000016
1.0000000000000022
1.0000000000000024
0.9999999999999993
0.9999999999999997
0.9999999999999994
0.9999999999999992
0.9999999999999991
0.9999999999999992
0.9999999999999994
0.9999999999999996
1.000000000000001
1.0000000000000009
1.000000000000001
1.0000000000000013
0.9999999999999998
0.9999999999999998
0.9999999999999996
1.0
0.9999999999999986
0.9999999999999983
0.9999999999999992
0.9999999999999991
1.0000000000000018
1.0000000000000022
1.0000000000000018
1.0000000000000018
0.9999999999999969
0.9999999999999956
0.9999999999999966
0.9999999999999981
1.0000000000000127
1.000000000000021
1.0000000000000109
1.0000000000000167
0.9999999999999969
0.9999999999999967
0.9999999999999956
0.9999999999999958
1.0000000000000004
1.0000000000000009
1.000000000000001
1.0000000000000009
1.0000000000000002
0.9999999999999999
0.9999999999999998
0.9999999999999997
0.9999999999999978
0.9999999999999997
0.9999999999999996
0.9999999999999993
1.000000000000005
1.0000000000000038
1.0000000000000036
1.0000000000000029
0.9999999999999979
0.9999999999999989
0.9999999999999983
0.9999999999999977
1.0000000000000004
1.0000000000000007
1.000000000000001
1.0000000000000004
0.9999999999999866
0.9999999999999903
0.9999999999999865
0.9999999999999997
0.9999999999999984
1.000000000000001
1.0000000000000004
1.0000000000000009
1.0000000000000002
0.9999999999999996
1.0000000000000002
1.0000000000000007
0.9999999999999992
0.999999999999998
0.9999999999999978
0.9999999999999988
1.0000000000000058
0.9999999999999981
1.0000000000000024
1.0000000000000042
0.999999999999998
0.9999999999999989
0.9999999999999984
0.9999999999999984
1.0000000000000013
1.0000000000000007
1.0000000000000009
1.0000000000000009
1.0000000000000013
0.9999999999999998
0.9999999999999996
0.9999999999999993
1.0000000000000002
1.0000000000000004
0.9999999999999999
0.9999999999999999
0.9999999999999991
0.9999999999999986
0.9999999999999993
1.0
0.9999999999999992
0.9999999999999988
0.9999999999999996
0.9999999999999998
1.0000000000000007
1.0000000000000002
1.0000000000000004
1.0000000000000007
0.9999999999999992
0.9999999999999991
0.9999999999999989
0.9999999999999993
0.9999999999999984
1.0000000000000004
0.999999999999999
0.9999999999999996
1.0000000000000004
0.9999999999999999
1.0000000000000004
1.0000000000000004
0.9999999999999989
0.9999999999999994
0.9999999999999993
0.9999999999999993
1.0
0.9999999999999998
0.9999999999999997
0.9999999999999996
0.9999999999999989
0.9999999999999989
0.9999999999999992
0.9999999999999993
0.9999999999999999
1.0000000000000004
1.0000000000000004
1.0000000000000004
1.0000000000000002
1.0000000000000004
1.000000000000001
1.0000000000000013
0.9999999999999997
0.9999999999999998
0.9999999999999994
0.9999999999999998
1.0000000000000002
1.0
1.000000000000001
1.000000000000001
0.9999999999999984
0.9999999999999973
0.9999999999999988
0.9999999999999979
1.0000000000000002
1.0000000000000002
1.0
1.0000000000000007
0.9999999999999998
0.9999999999999987
0.9999999999999974
0.9999999999999994
0.9999999999999962
0.9999999999999969
0.9999999999999996
0.9999999999999984
1.0
0.9999999999999996
0.9999999999999998
0.9999999999999998
1.0000000000000024
1.0000000000000018
1.0000000000000022
1.0000000000000022
0.9999999999999998
0.9999999999999987
0.9999999999999997
0.999999999999999
1.000000000000001
1.0000000000000009
1.0000000000000009
1.000000000000001
1.0000000000000002
1.0
0.9999999999999998
1.0
0.9999999999999992
0.9999999999999996
0.9999999999999993
0.9999999999999997
1.0
0.9999999999999994
0.9999999999999997
0.9999999999999994
0.9999999999999993
1.0000000000000002
0.9999999999999998
1.0000000000000002
1.0
1.0
1.0
1.0000000000000002
1.0000000000000002
1.0000000000000002
1.0000000000000004
1.0000000000000002
1.0000000000000004
1.0000000000000004
1.0000000000000002
1.0000000000000002
0.9999999999999979
0.9999999999999991
0.9999999999999983
0.999999999999999
1.0000000000000144
1.0000000000000124
1.0000000000000107
1.0000000000000113
0.9999999999999981
0.999999999999997
0.9999999999999974
0.999999999999998
1.0000000000000016
1.000000000000001
1.0000000000000029
1.0000000000000009
0.9999999999999992
0.9999999999999994
0.9999999999999992
0.9999999999999993
1.0000000000000009
1.0000000000000009
1.0000000000000013
1.000000000000001
0.9999999999999993
0.9999999999999996
0.9999999999999992
0.9999999999999989
0.9999999999999989
0.9999999999999991
0.9999999999999991
0.9999999999999994
0.9999999999999997
0.9999999999999997
0.9999999999999997
0.9999999999999999
1.0000000000000002
1.0000000000000002
1.0000000000000002
1.0000000000000004
0.9999999999999996
1.0000000000000004
1.0
0.9999999999999997
0.9999999999999974
1.000000000000001
1.0
0.9999999999999997
1.0
1.0000000000000002
1.0000000000000004
1.0000000000000007
0.999999999999997
0.9999999999999974
0.9999999999999994
0.9999999999999984
1.0000000000000002
1.0000000000000075
1.0000000000000038
1.0000000000000053
0.9999999999999991
0.9999999999999992
0.9999999999999997
0.9999999999999993
0.9999999999999979
0.9999999999999987
0.9999999999999986
0.9999999999999991
1.000000000000001
1.0000000000000013
1.0000000000000018
1.0000000000000024
1.0
1.0000000000000002
1.0000000000000002
0.9999999999999999
0.9999999999999998
0.9999999999999993
0.9999999999999996
0.9999999999999992
0.999999999999999
0.9999999999999996
0.9999999999999997
0.9999999999999999
1.0000000000000002
0.9999999999999999
1.0000000000000002
1.0000000000000002
1.000000000000001
1.0000000000000002
1.000000000000001
1.0000000000000009
0.9999999999999992
0.9999999999999997
0.9999999999999993
0.9999999999999996
1.0000000000000036
1.0000000000000007
1.0000000000000013
1.0000000000000007
0.9999999999999991
0.9999999999999989
0.9999999999999987
0.9999999999999992
1.0000000000000007
0.9999999999999989
1.0000000000000002
1.0000000000000007
0.9999999999999997
1.0
0.9999999999999999
0.9999999999999999
0.9999999999999997
0.9999999999999996
0.9999999999999994
0.9999999999999996
0.9999999999999996
0.9999999999999996
0.9999999999999998
0.9999999999999998
0.9999999999999996
0.9999999999999997
1.0000000000000002
0.9999999999999997
1.0000000000000018
1.000000000000001
1.000000000000002
1.0000000000000007
1.0000000000000002
0.9999999999999997
0.9999999999999999
0.9999999999999996
0.9999999999999998
1.0
1.0
1.0000000000000002
0.9999999999999997
0.9999999999999998
1.0
0.9999999999999997
0.9999999999999992
0.9999999999999994
0.9999999999999997
0.9999999999999993
1.0000000000000013
1.000000000000002
1.000000000000002
1.0000000000000013
0.9999999999999928
0.9999999999999929
0.9999999999999961
0.9999999999999925
1.000000000000033
1.0000000000000235
1.0000000000000238
1.0000000000000173
0.9999999999999954
0.9999999999999943
0.9999999999999971
0.999999999999995
1.0000000000000013
1.0000000000000042
1.0000000000000009
1.0000000000000007
0.9999999999999984
0.9999999999999981
0.9999999999999993
0.9999999999999997
1.0
0.9999999999999997
0.9999999999999998
0.9999999999999997
0.9999999999999991
0.9999999999999993
0.9999999999999992
0.999999999999999
1.0000000000000002
1.0000000000000007
1.0000000000000007
1.0000000000000007
1.0000000000000004
1.0000000000000009
1.0000000000000009
1.0000000000000007
0.999999999999999
0.999999999999999
0.999999999999999
0.9999999999999986
1.000000000000003
1.0000000000000002
1.0000000000000053
1.0000000000000009
1.0000000000000002
1.0000000000000004
1.0000000000000002
1.0000000000000002
0.9999999999999998
0.9999999999999993
0.9999999999999992
0.9999999999999994
0.9999999999999996
0.9999999999999996
1.0000000000000002
1.0000000000000002
1.0000000000000056
1.0000000000000049
1.0000000000000033
1.0000000000000022
0.9999999999999889
0.9999999999999957
0.9999999999999937
0.9999999999999946
1.0000000000000007
1.000000000000001
1.0000000000000009
1.0000000000000009
1.0000000000000016
1.0000000000000027
1.0000000000000007
1.0000000000000018
0.9999999999999946
0.9999999999999937
0.9999999999999969
0.9999999999999946
1.0000000000000004
1.0000000000000016
1.000000000000001
1.000000000000001
0.9999999999999996
0.9999999999999994
0.9999999999999982
0.9999999999999989
1.0000000000000002
1.000000000000001
1.0000000000000007
1.0000000000000013
1.0000000000000004
1.0
1.0000000000000002
1.0000000000000004
0.9999999999999952
0.9999999999999973
0.9999999999999937
0.9999999999999956
1.0000000000000406
1.0000000000000178
1.000000000000059
1.0000000000000195
0.9999999999999805
0.9999999999999873
0.9999999999999796
0.9999999999999812
1.000000000000004
1.0000000000000056
1.0000000000000089
1.000000000000006
0.9999999999999989
0.999999999999996
0.9999999999999959
0.9999999999999976
1.0000000000000007
1.0000000000000009
1.0000000000000002
1.0000000000000009
1.0000000000000002
1.0000000000000004
1.0
1.0000000000000004
0.9999999999999987
0.9999999999999908
0.9999999999999953
0.999999999999996
1.0000000000000004
1.0000000000000002
1.0000000000000007
1.0000000000000009
1.0000000000000004
1.0000000000000002
1.0000000000000009
1.0
1.0000000000000002
1.0000000000000009
1.0000000000000004
1.0000000000000002
0.9999999999999989
0.999999999999999
0.9999999999999986
0.9999999999999989
1.0
1.000000000000001
0.9999999999999992
0.9999999999999999
1.0000000000000002
0.9999999999999996
1.0
1.0
0.9999999999999989
0.9999999999999984
0.9999999999999977
0.9999999999999989
1.0000000000000004
1.0000000000000007
1.0000000000000004
1.0000000000000002
1.0000000000000018
1.000000000000003
1.0000000000000016
1.0000000000000009
0.9999999999999961
0.9999999999999983
0.9999999999999996
0.9999999999999996
0.9999999999999986
0.9999999999999987
0.9999999999999987
0.9999999999999989
1.0000000000000084
1.000000000000008
1.0000000000000042
1.0000000000000073
1.0000000000000002
1.0
0.9999999999999991
0.9999999999999992
1.0000000000000007
1.0000000000000009
1.0000000000000004
1.0000000000000004
0.9999999999999992
0.9999999999999993
0.9999999999999996
0.9999999999999993
1.000000000000001
1.0000000000000007
1.0000000000000009
1.0000000000000004
1.0000000000000002
1.0000000000000002
0.9999999999999999
1.0000000000000002
0.9999999999999951
0.9999999999999954
0.999999999999997
1.0000000000000002
0.9999999999999991
0.9999999999999996
0.999999999999999
0.9999999999999999
0.9999999999999989
0.9999999999999998
0.9999999999999994
0.9999999999999998
1.0000000000000018
1.0000000000000029
1.0000000000000042
1.0000000000000029
0.9999999999999992
0.9999999999999993
0.9999999999999996
0.9999999999999993
1.000000000000001
1.0000000000000007
1.0000000000000002
1.0000000000000007
0.9999999999999996
0.9999999999999994
0.9999999999999996
0.9999999999999996
1.0000000000000004
1.0000000000000002
1.0000000000000002
1.0000000000000002
1.0000000000000002
1.0000000000000004
1.0000000000000004
1.0000000000000002
1.0000000000000067
1.0000000000000013
1.0000000000000024
1.0000000000000009
0.9999999999999997
0.9999999999999998
0.9999999999999993
0.9999999999999994
0.9999999999999993
0.9999999999999992
0.9999999999999997
0.9999999999999992
1.0000000000000002
1.0
1.0000000000000002
1.0000000000000004
0.9999999999999963
1.0
0.9999999999999988
0.999999999999999
1.0000000000000029
1.0000000000000018
1.0000000000000022
1.000000000000002
0.9999999999999991
0.9999999999999998
1.0000000000000002
1.0
0.9999999999999998
1.0
1.0
0.9999999999999996
0.999999999999999
0.9999999999999991
0.9999999999999988
0.9999999999999997
1.0000000000000004
0.9999999999999996
1.0000000000000007
1.0000000000000002
0.9999999999999994
0.9999999999999998
0.9999999999999999
0.9999999999999996
0.999999999999999
1.000000000000001
0.9999999999999999
1.0000000000000002
1.0000000000000002
1.0000000000000004
1.0
1.0
0.9999999999999986
0.9999999999999991
0.999999999999999
0.9999999999999991
0.9999999999999998
0.9999999999999994
0.9999999999999998
0.9999999999999997
0.9999999999999991
1.0000000000000004
0.9999999999999993
1.0000000000000007
1.0
0.9999999999999996
0.9999999999999999
0.9999999999999996
1.0000000000000022
1.000000000000001
1.000000000000001
1.0000000000000009
0.9999999999999996
0.9999999999999992
0.999999999999998
0.9999999999999991
0.9999999999999986
1.0000000000000007
0.9999999999999988
0.9999999999999991
1.0000000000000115
1.000000000000012
1.0000000000000049
1.0000000000000084
0.9999999999999987
0.9999999999999977
0.9999999999999983
0.9999999999999993
0.9999999999999998
1.0000000000000002
0.9999999999999997
0.9999999999999999
1.0
1.000000000000002
1.0000000000000009
1.000000000000001
0.9999999999999908
0.9999999999999728
0.9999999999999718
0.9999999999999845
1.000000000000009
1.0000000000000029
1.0000000000000075
1.0000000000000073
0.9999999999999976
0.9999999999999967
0.9999999999999981
0.9999999999999974
1.000000000000001
1.0000000000000009
1.0000000000000004
1.0000000000000004
1.0
1.0000000000000022
1.0000000000000002
1.0000000000000007
0.9999999999999994
0.9999999999999994
0.9999999999999993
0.9999999999999997
1.0000000000000024
1.0000000000000009
1.0000000000000024
1.0000000000000047
0.9999999999999992
0.9999999999999996
0.9999999999999992
0.9999999999999996
1.0
1.0000000000000007
1.0
1.0
1.0
0.9999999999999998
0.9999999999999999
1.0
1.000000000000002
1.0000000000000007
1.000000000000001
1.0000000000000004
1.000000000000001
1.0000000000000009
0.9999999999999989
0.9999999999999996
1.0000000000000009
1.0000000000000009
1.0000000000000004
1.0000000000000007
0.9999999999999998
0.9999999999999998
0.9999999999999994
0.9999999999999993
1.0000000000000004
1.0000000000000002
1.0000000000000004
1.0000000000000007
0.9999999999999996
0.9999999999999986
0.9999999999999983
0.9999999999999991
1.0000000000000007
1.0000000000000004
1.0000000000000002
1.0000000000000002
0.9999999999999977
0.9999999999999997
1.0000000000000002
1.0
0.9999999999999998
0.9999999999999993
0.9999999999999998
0.9999999999999994
1.0000000000000029
1.0000000000000056
1.000000000000004
1.0000000000000062
0.9999999999999966
0.9999999999999987
0.9999999999999979
0.9999999999999986
1.0000000000000007
1.0000000000000002
1.0000000000000009
1.0000000000000004
1.0000000000000002
1.0000000000000002
1.0000000000000002
1.0
0.9999999999999979
0.9999999999999977
0.9999999999999991
0.9999999999999993
1.0000000000000004
1.0000000000000007
1.0000000000000002
1.0000000000000004
1.0000000000000004
1.0000000000000009
1.000000000000001
1.0
0.9999999999999976
1.0000000000000013
0.9999999999999976
0.9999999999999976
1.000000000000001
1.0000000000000007
1.0000000000000007
1.0000000000000009
1.0000000000000022
0.9999999999999932
0.9999999999999968
0.9999999999999984
1.0000000000000009
1.0000000000000009
1.000000000000001
1.0000000000000009
0.9999999999999994
0.9999999999999994
0.9999999999999991
0.9999999999999994
1.0000000000000007
1.0000000000000009
1.0000000000000009
1.000000000000001
0.9999999999999999
0.9999999999999996
1.0
0.9999999999999994
0.9999999999999991
0.9999999999999991
0.9999999999999999
0.9999999999999991
1.0000000000000004
1.0000000000000004
1.0000000000000004
1.0000000000000002
0.9999999999999986
0.9999999999999997
0.999999999999999
0.9999999999999989
1.0000000000000007
1.0000000000000002
1.000000000000001
1.0000000000000009
0.9999999999999981
0.999999999999999
0.9999999999999988
0.9999999999999973
1.0000000000000024
1.0000000000000009
1.000000000000001
1.0000000000000007
1.0000000000000009
1.0
1.0000000000000002
1.0
1.0000000000000002
0.9999999999999998
0.9999999999999996
0.9999999999999998
1.0000000000000009
1.0
1.0
0.9999999999999998
0.9999999999999994
0.9999999999999994
0.9999999999999994
0.9999999999999992
1.0000000000000044
1.0000000000000027
1.0000000000000027
1.0000000000000009
0.9999999999999997
1.0000000000000007
1.0000000000000007
1.0000000000000002
0.9999999999999983
0.999999999999999
0.9999999999999986
0.9999999999999982
1.0000000000000129
1.000000000000005
0.9999999999999986
0.9999999999999987
1.0000000000000018
1.0000000000000009
1.0000000000000024
1.0000000000000013
0.9999999999999958
0.9999999999999958
0.9999999999999994
0.9999999999999963
1.0000000000000016
1.0000000000000009
1.0000000000000007
1.000000000000002
0.9999999999999997
0.9999999999999996
0.9999999999999994
0.9999999999999996
1.0000000000000002
0.9999999999999998
0.9999999999999999
1.0
1.0000000000000004
0.9999999999999997
1.0000000000000002
1.0
0.9999999999999999
1.0000000000000004
1.0
1.0000000000000002
0.9999999999999992
0.9999999999999998
1.0
0.9999999999999997
1.0000000000000056
1.0000000000000029
1.000000000000001
1.000000000000001
0.9999999999999984
0.999999999999999
0.9999999999999992
0.9999999999999996
1.0000000000000007
1.0000000000000022
1.0000000000000007
1.0000000000000009
0.9999999999999986
0.9999999999999982
0.999999999999998
0.999999999999999
1.0000000000000016
1.0000000000000016
1.000000000000001
1.0000000000000018
0.9999999999999977
0.9999999999999986
0.9999999999999986
0.9999999999999977
1.0000000000000089
1.0000000000000044
1.0000000000000047
1.0000000000000027
0.9999999999999856
0.999999999999982
0.9999999999999852
0.9999999999999775
1.000000000000006
1.0000000000000093
1.0000000000000069
1.0000000000000095
0.9999999999999978
0.9999999999999977
0.9999999999999988
0.9999999999999983
1.000000000000001
1.0000000000000007
1.0000000000000007
1.0000000000000007
0.9999999999999998
0.9999999999999974
0.9999999999999997
1.0000000000000007
1.0000000000000024
1.0000000000000078
1.0000000000000009
1.0000000000000036
1.0
0.9999999999999997
0.9999999999999996
0.9999999999999997
1.0
1.000000000000001
1.0000000000000007
1.0000000000000002
1.0000000000000007
1.0000000000000004
1.0000000000000004
1.0000000000000009
0.9999999999999993
0.9999999999999984
0.999999999999998
0.9999999999999973
1.0
1.0000000000000002
1.0
1.0
1.0
1.0000000000000002
1.0
1.0000000000000002
0.9999999999999972
0.9999999999999973
0.9999999999999996
0.9999999999999948
1.0000000000000016
1.0000000000000018
1.000000000000001
1.0000000000000018
0.9999999999999994
1.0000000000000004
0.9999999999999998
1.0
0.9999999999999966
0.9999999999999991
0.9999999999999999
0.9999999999999991
0.9999999999999999
0.9999999999999996
0.9999999999999996
0.9999999999999998
1.000000000000001
1.0000000000000022
1.0000000000000013
1.0000000000000036
0.9999999999999998
0.9999999999999997
0.9999999999999998
0.9999999999999997
0.9999999999999993
1.0000000000000002
0.9999999999999984
0.9999999999999997
0.9999999999999959
1.0000000000000029
1.0000000000000007
1.0000000000000016
1.0
1.0
1.0
0.9999999999999997
1.0
1.0
0.9999999999999997
1.0000000000000002
0.9999999999999991
0.9999999999999991
0.9999999999999994
0.9999999999999993
1.0000000000000013
1.000000000000001
1.0000000000000009
1.0000000000000002
0.9999999999999996
0.9999999999999997
0.9999999999999998
0.9999999999999997
1.0
1.0000000000000004
1.0000000000000013
1.0000000000000002
1.0000000000000016
1.0000000000000002
0.9999999999999994
1.0000000000000002
0.9999999999999998
0.9999999999999998
0.9999999999999993
0.9999999999999996
1.0000000000000013
1.0000000000000009
1.0000000000000004
1.0
1.000000000000003
1.0000000000000018
1.000000000000003
1.0000000000000024
1.0000000000000004
0.9999999999999998
1.0
1.0
0.9999999999999996
0.9999999999999996
0.9999999999999997
0.9999999999999997
0.9999999999999999
0.9999999999999993
0.9999999999999998
0.9999999999999996
0.9999999999999996
0.9999999999999981
0.9999999999999983
0.9999999999999979
1.0000000000000007
1.000000000000001
1.000000000000002
1.0000000000000002
0.9999999999999994
1.0000000000000002
1.0000000000000002
0.9999999999999997
1.0000000000000064
1.0000000000000036
1.000000000000004
1.0
1.0
1.0
0.9999999999999998
0.9999999999999998
1.0
1.0000000000000002
1.0000000000000009
1.0000000000000004
0.9999999999999992
0.999999999999999
0.9999999999999989
0.9999999999999997
1.0000000000000004
1.000000000000002
1.0000000000000013
1.0000000000000013
0.9999999999999988
0.9999999999999988
0.9999999999999993
0.9999999999999993
1.0000000000000004
1.0000000000000009
1.000000000000001
1.0000000000000007
0.9999999999999998
1.0000000000000004
1.0000000000000002
1.0000000000000004
0.9999999999999993
0.9999999999999997
0.9999999999999999
0.9999999999999998
1.0000000000000002
1.0000000000000004
1.0000000000000002
1.0000000000000002
1.0000000000000022
1.0000000000000002
1.0000000000000022
1.0000000000000018
0.9999999999999996
0.9999999999999996
0.9999999999999991
0.9999999999999996
1.0000000000000009
1.0000000000000007
0.9999999999999998
0.9999999999999999
0.9999999999999999
1.0
0.9999999999999998
0.9999999999999999
1.0000000000000004
0.9999999999999999
0.9999999999999997
0.9999999999999997
0.9999999999999998
1.0000000000000002
1.0000000000000002
1.0
1.0000000000000007
1.0000000000000007
1.0000000000000002
1.0000000000000002
0.9999999999999984
0.9999999999999974
0.9999999999999977
0.9999999999999976
0.9999999999999996
1.0000000000000002
0.9999999999999997
0.9999999999999999
1.0000000000000013
1.0000000000000016
1.0000000000000007
0.9999999999999998
0.9999999999999998
0.9999999999999999
1.0000000000000004
1.0000000000000002
1.0000000000000013
1.0000000000000004
1.0000000000000009
1.0
0.999999999999995
1.0000000000000067
0.9999999999999963
0.9999999999999976
1.0000000000000004
0.9999999999999998
0.9999999999999997
1.0000000000000002
1.0000000000000002
1.0
1.0000000000000002
1.0000000000000002
0.9999999999999822
0.9999999999999833
0.9999999999999912
0.999999999999994
1.0000000000000024
1.0000000000000027
1.0000000000000016
1.0000000000000018
1.000000000000001
1.0000000000000002
1.0000000000000002
1.000000000000001
0.9999999999999998
0.9999999999999977
0.9999999999999983
0.9999999999999988
1.000000000000001
1.0000000000000027
1.0000000000000009
1.0000000000000024
0.9999999999999996
0.9999999999999997
0.9999999999999997
0.9999999999999998
0.9999999999999993
0.9999999999999996
0.9999999999999991
0.9999999999999991
1.0000000000000022
1.0000000000000033
1.0000000000000042
1.0000000000000033
0.9999999999999819
0.9999999999999869
0.9999999999999907
0.9999999999999876
1.0000000000000069
1.0000000000000047
1.0000000000000064
1.0000000000000029
0.9999999999999987
0.9999999999999991
0.9999999999999983
0.999999999999998
1.0000000000000016
1.0000000000000013
1.0000000000000022
1.0000000000000016
0.9999999999999993
0.9999999999999993
0.9999999999999994
0.9999999999999992
1.0000000000000018
1.000000000000002
1.0000000000000009
1.0000000000000004
0.9999999999999959
0.9999999999999998
0.9999999999999994
0.9999999999999986
1.0000000000000224
1.0000000000000087
1.0000000000000093
1.0000000000000047
0.999999999999997
0.9999999999999986
0.9999999999999961
0.9999999999999977
0.9999999999999977
0.9999999999999991
0.9999999999999984
0.9999999999999978
1.0000000000000098
1.00000000000001
1.0000000000000038
1.0000000000000067
0.9999999999999973
0.9999999999999996
0.9999999999999976
0.9999999999999976
1.000000000000001
1.0000000000000016
1.0000000000000007
1.0000000000000018
1.0000000000000007
0.9999999999999993
0.9999999999999994
0.9999999999999991
1.0000000000000044
1.0000000000000053
1.0000000000000042
1.0000000000000044
0.9999999999999817
0.9999999999999907
0.9999999999999893
0.9999999999999896
1.0000000000000038
1.0000000000000022
1.0000000000000024
1.0000000000000013
0.9999999999999994
1.0
0.9999999999999993
0.9999999999999993
1.0
1.0
1.0000000000000004
1.0000000000000002
1.0000000000000013
1.000000000000003
1.000000000000002
1.0000000000000022
0.999999999999998
0.9999999999999989
0.9999999999999984
0.9999999999999981
1.0000000000000009
1.0000000000000009
1.0000000000000009
1.0000000000000009
0.9999999999999999
0.9999999999999999
1.0000000000000002
1.0
0.9999999999999999
0.9999999999999997
0.9999999999999994
0.9999999999999994
1.0000000000000013
1.0000000000000002
1.0000000000000018
1.0000000000000013
0.9999999999999998
0.9999999999999994
0.9999999999999996
0.9999999999999996
1.0000000000000004
1.0000000000000004
1.0000000000000004
1.0000000000000004
1.0
0.9999999999999992
0.9999999999999992
0.999999999999999
0.9999999999999996
0.9999999999999994
0.9999999999999988
0.9999999999999992
1.0000000000000024
1.000000000000003
1.0000000000000033
1.0000000000000027
0.9999999999999998
0.9999999999999992
0.999999999999999
0.9999999999999986
1.0000000000000002
0.9999999999999998
1.0000000000000002
1.0000000000000002
1.0000000000000007
0.9999999999999989
0.9999999999999998
0.9999999999999992
1.0000000000000004
1.0000000000000002
1.0000000000000002
1.0000000000000004
0.9999999999999996
1.0
1.0
1.0
0.999999999999999
0.9999999999999997
0.999999999999999
1.0
1.0000000000000004
1.0
0.9999999999999998
0.9999999999999996
0.9999999999999997
1.0
0.9999999999999999
0.9999999999999997
0.9999999999999991
1.0000000000000002
0.9999999999999983
0.9999999999999994
0.9999999999999988
1.0000000000000004
1.0
0.9999999999999999
0.9999999999999987
0.9999999999999992
0.9999999999999992
0.9999999999999988
1.0000000000000004
1.0000000000000007
1.0000000000000002
1.0000000000000013
0.9999999999999998
0.9999999999999993
0.9999999999999993
0.9999999999999993
0.9999999999999996
0.9999999999999997
0.9999999999999997
0.9999999999999997
1.0000000000000002
1.0
1.0000000000000002
0.9999999999999999
1.0
1.0
1.0
1.0
1.0000000000000009
1.0000000000000004
1.0000000000000009
1.0000000000000007
1.0000000000000007
1.0000000000000004
0.9999999999999998
1.0
0.9999999999999999
1.0000000000000013
1.0000000000000007
1.000000000000001
0.999999999999995
0.9999999999999983
0.9999999999999974
0.9999999999999977
0.9999999999999986
0.9999999999999997
1.0000000000000002
0.9999999999999998
0.9999999999999993
0.9999999999999997
0.9999999999999996
0.999999999999999
1.0
1.0000000000000002
1.0
1.0000000000000004
0.9999999999999991
0.9999999999999987
0.9999999999999997
0.9999999999999988
0.9999999999999937
0.9999999999999866
0.9999999999999968
0.9999999999999967
1.000000000000004
1.0000000000000058
1.0000000000000067
1.0000000000000078
0.9999999999999434
0.999999999999961
0.9999999999999593
0.9999999999999517
1.0000000000000107
1.0000000000000107
1.0000000000000167
1.0000000000000158
0.9999999999999944
0.999999999999996
0.9999999999999938
0.9999999999999968
1.0000000000000024
1.0000000000000024
1.0000000000000022
1.0000000000000018
0.9999999999999987
0.9999999999999994
0.9999999999999994
0.999999999999999
1.0000000000000002
1.000000000000001
1.000000000000001
1.0000000000000013
0.9999999999999998
0.9999999999999997
0.9999999999999996
0.9999999999999998
0.9999999999999982
0.9999999999999997
0.9999999999999987
0.9999999999999984
0.9999999999999989
1.0
1.0
1.0
1.0000000000000078
1.0000000000000138
1.0000000000000109
1.000000000000007
0.9999999999999977
0.9999999999999971
0.9999999999999973
0.9999999999999976
0.9999999999999998
1.0000000000000016
1.0000000000000007
1.0000000000000009
1.0000000000000002
1.0
1.0
1.0000000000000002
0.9999999999999994
0.9999999999999997
0.9999999999999999
0.9999999999999998
1.000000000000002
1.000000000000001
1.0000000000000004
1.000000000000001
0.9999999999999999
1.0
0.9999999999999999
1.0
1.0000000000000002
1.0000000000000007
1.0000000000000007
1.0000000000000004
1.0000000000000004
1.0000000000000002
0.9999999999999999
0.9999999999999998
1.0000000000000002
1.0000000000000002
1.0000000000000002
1.0000000000000002
1.0000000000000007
1.0000000000000007
1.0000000000000007
1.0000000000000004
0.9999999999999999
1.0
1.0000000000000002
1.0000000000000002
1.0000000000000004
1.0000000000000004
1.0000000000000004
1.0000000000000002
1.0
1.0
0.9999999999999999
0.9999999999999999
1.000000000000002
1.0000000000000022
1.000000000000002
1.0000000000000016
0.9999999999999928
0.9999999999999923
0.9999999999999941
0.9999999999999954
1.0000000000000024
1.0000000000000018
1.0000000000000033
1.0000000000000018
1.0000000000000002
0.9999999999999997
0.9999999999999997
1.0000000000000004
1.0000000000000016
1.0000000000000022
1.0000000000000004
1.0000000000000009
1.0000000000000004
1.0000000000000004
1.0000000000000007
1.0000000000000004
0.9999999999999977
0.999999999999999
0.9999999999999987
0.9999999999999987
1.0000000000000013
1.0000000000000024
1.0000000000000013
1.0000000000000024
0.9999999999999954
0.9999999999999946
0.9999999999999957
0.9999999999999951
1.0000000000000193
1.0000000000000493
1.0000000000000115
1.0000000000000238
0.9999999999997827
0.9999999999997136
1.0000000000000284
1.0000000000000089
0.999999999999994
0.9999999999999966
0.9999999999999928
0.9999999999999936
1.0000000000000016
1.0000000000000024
1.0000000000000016
1.000000000000001
1.0
1.0
1.0
1.0
1.0000000000000004
1.0000000000000009
1.0000000000000004
1.0000000000000009
0.9999999999999996
0.9999999999999999
0.9999999999999998
0.9999999999999999
0.9999999999999993
0.9999999999999996
0.9999999999999997
0.9999999999999997
1.0000000000000029
1.0000000000000044
1.000000000000004
1.0000000000000002
1.0000000000000033
1.0000000000000018
1.0
1.0000000000000002
1.0
1.0000000000000004
1.0000000000000002
1.0000000000000002
0.9999999999999999
0.9999999999999999
0.9999999999999996
0.9999999999999996
0.9999999999999998
0.9999999999999999
1.0000000000000004
1.0000000000000002
1.0000000000000149
1.0000000000000053
1.000000000000002
1.000000000000001
1.0000000000000009
1.0000000000000002
0.9999999999999999
1.0000000000000004
1.0
1.0000000000000007
1.0000000000000004
1.0
0.9999999999999993
0.9999999999999993
0.9999999999999999
0.9999999999999992
1.0000000000000009
1.0000000000000007
1.0000000000000013
1.0000000000000009
0.9999999999999996
0.9999999999999997
0.9999999999999992
0.9999999999999993
1.0000000000000007
1.0000000000000004
1.0000000000000004
1.0000000000000004
0.9999999999999972
0.9999999999999992
0.9999999999999987
0.9999999999999983
1.0000000000000002
1.000000000000001
1.000000000000001
1.0000000000000009
0.9999999999999994
0.9999999999999997
0.9999999999999997
0.9999999999999992
0.9999999999999997
0.9999999999999992
0.9999999999999996
0.9999999999999993
1.0000000000000013
1.0000000000000022
1.0000000000000024
1.0000000000000027
0.9999999999999994
0.9999999999999977
0.999999999999998
0.9999999999999982
1.0
1.0000000000000007
1.0000000000000004
1.0000000000000002
1.0000000000000002
0.9999999999999999
1.0
1.0
1.0000000000000009
1.0000000000000004
1.0000000000000004
1.0000000000000004
1.0000000000000009
1.0
1.0000000000000002
1.0000000000000002
0.9999999999999988
0.9999999999999992
0.9999999999999992
0.9999999999999991
1.0
1.0000000000000007
1.0000000000000007
1.0000000000000004
1.0
0.9999999999999991
0.9999999999999987
0.9999999999999993
0.9999999999999994
1.0
1.0
0.9999999999999998
0.9999999999999993
0.9999999999999998
0.9999999999999997
0.9999999999999998
1.0000000000000007
1.0
1.0
1.0000000000000004
1.0000000000000007
1.0000000000000004
1.0000000000000009
1.0000000000000013
0.9999999999999998
0.9999999999999998
1.0000000000000004
0.9999999999999999
0.9999999999999992
0.9999999999999993
0.9999999999999994
0.9999999999999996
0.9999999999999998
1.0000000000000007
1.0000000000000002
0.9999999999999996
1.0000000000000002
1.0000000000000004
1.0000000000000002
1.000000000000001
0.9999999999999964
0.9999999999999989
0.9999999999999992
0.999999999999999
1.000000000000001
1.0000000000000013
1.0000000000000024
1.0000000000000029
1.000000000000006
1.000000000000002
1.0000000000000022
1.0000000000000036
0.9999999999999835
0.9999999999999851
0.9999999999999689
0.9999999999999867
1.0000000000000098
1.0000000000000062
1.0000000000000056
1.000000000000007
0.9999999999999978
0.9999999999999992
0.9999999999999982
0.9999999999999991
0.9999999999999959
0.9999999999999895
0.9999999999999979
0.9999999999999913
1.0000000000000007
1.0000000000000016
1.0000000000000009
1.0000000000000009
1.0000000000000007
1.0000000000000013
1.0000000000000007
1.000000000000001
1.0000000000000007
1.0000000000000004
1.0
1.0000000000000002
1.0
0.9999999999999999
1.0000000000000004
1.0000000000000002
1.0000000000000009
1.0000000000000002
1.0000000000000002
0.9999999999999999
1.0000000000000007
1.0000000000000002
1.0000000000000002
1.0000000000000007
0.9999999999999993
0.9999999999999987
0.9999999999999992
0.9999999999999996
0.9999999999999998
0.9999999999999988
0.999999999999999
0.9999999999999998
1.0000000000000004
1.0000000000000009
1.0000000000000007
1.0000000000000007
0.999999999999998
0.9999999999999988
0.9999999999999996
0.9999999999999981
0.9999999999999993
1.0000000000000009
0.9999999999999996
1.0000000000000002
1.0000000000000007
1.0000000000000009
1.0000000000000002
1.0000000000000007
1.0000000000000007
1.0000000000000007
1.0000000000000002
0.9999999999999999
0.9999999999999996
0.9999999999999996
0.9999999999999993
0.9999999999999999
1.0000000000000049
1.0000000000000056
1.0000000000000044
1.0000000000000038
0.9999999999999991
0.9999999999999993
0.9999999999999977
0.9999999999999982
1.0000000000000013
1.000000000000001
1.000000000000001
1.000000000000001
1.000000000000001
1.0000000000000009
1.0000000000000013
1.0000000000000009
1.0000000000000004
1.0000000000000002
1.000000000000001
1.0000000000000007
0.9999999999999932
0.9999999999999962
0.999999999999995
0.9999999999999889
1.0000000000000016
1.000000000000001
1.0000000000000009
1.000000000000002
0.9999999999999996
0.9999999999999993
0.9999999999999992
0.9999999999999994
0.9999999999999998
1.0
1.0
0.9999999999999999
1.0
1.0000000000000002
1.0000000000000002
1.0
1.0
1.0000000000000009
1.0000000000000007
1.0000000000000004
0.9999999999999994
0.9999999999999996
0.9999999999999993
0.9999999999999998
0.9999999999999992
0.9999999999999998
0.9999999999999997
0.9999999999999998
1.0000000000000033
1.0000000000000036
1.0000000000000018
1.0000000000000027
0.9999999999999984
0.9999999999999987
0.9999999999999987
0.999999999999999
1.0000000000000042
1.0000000000000069
1.0000000000000033
1.0000000000000024
0.9999999999999996
0.9999999999999994
0.9999999999999996
0.9999999999999993
0.9999999999999998
0.9999999999999998
0.9999999999999997
1.0
1.0000000000000002
1.0000000000000002
1.0000000000000002
1.0000000000000002
0.9999999999999991
0.9999999999999994
0.999999999999999
0.9999999999999993
1.0000000000000007
1.0000000000000013
1.0000000000000007
1.0000000000000007
1.0000000000000002
1.0000000000000004
1.0000000000000004
1.0000000000000002
0.9999999999999998
0.9999999999999993
0.9999999999999993
0.9999999999999996
1.0000000000000004
1.0
1.0
1.0000000000000002
1.0000000000000013
1.0000000000000004
1.0000000000000002
1.0000000000000007
0.9999999999999994
0.9999999999999988
0.9999999999999983
0.9999999999999997
1.0000000000000009
1.0000000000000004
1.0000000000000007
1.0000000000000004
1.0000000000000002
1.0000000000000002
1.0000000000000002
1.0000000000000002
0.9999999999999994
0.9999999999999992
0.9999999999999993
0.9999999999999989
1.0000000000000002
0.9999999999999994
1.0
0.999999999999999
0.9999999999999998
0.9999999999999993
0.9999999999999992
0.9999999999999998
0.9999999999999982
1.0000000000000053
1.0000000000000062
1.0000000000000036
0.9999999999999982
0.999999999999998
0.9999999999999987
0.9999999999999992
1.0000000000000013
1.0000000000000016
1.000000000000001
1.0000000000000004
0.9999999999999998
0.9999999999999991
0.9999999999999988
0.9999999999999996
1.0000000000000002
1.0
1.0000000000000004
1.0
1.000000000000002
1.0000000000000018
1.0000000000000024
1.0000000000000009
0.9999999999999997
0.9999999999999994
0.9999999999999994
0.9999999999999994
1.000000000000002
1.0000000000000007
1.0000000000000002
1.0000000000000018
1.0000000000000002
1.0000000000000004
1.0
1.0000000000000004
0.9999999999999982
0.9999999999999996
0.9999999999999997
0.9999999999999996
1.0
1.0000000000000002
1.0
0.9999999999999998
1.0000000000000004
1.0000000000000002
1.0000000000000002
1.0000000000000002
0.9999999999999998
1.0
1.0000000000000004
1.0000000000000016
1.0000000000000022
1.0000000000000016
1.0000000000000018
1.000000000000001
0.9999999999999936
0.9999999999999867
0.9999999999999885
0.9999999999999856
1.0000000000000056
1.0000000000000022
1.0000000000000064
1.0000000000000049
0.9999999999999986
0.9999999999999962
0.9999999999999977
0.9999999999999986
1.0000000000000038
1.0000000000000038
1.0000000000000033
1.000000000000002
0.9999999999999984
0.9999999999999989
0.9999999999999984
0.9999999999999992
1.0000000000000002
1.0000000000000002
1.0000000000000004
1.0000000000000004
1.0000000000000013
1.000000000000001
1.0000000000000007
1.0000000000000004
1.0
1.0000000000000002
1.0000000000000002
1.0000000000000004
1.0000000000000016
1.0000000000000022
1.0000000000000029
1.0000000000000016
0.9999999999999996
0.9999999999999989
0.999999999999999
0.9999999999999991
1.0000000000000009
1.0000000000000007
1.000000000000001
1.0000000000000013
0.9999999999999988
0.9999999999999992
0.9999999999999996
0.9999999999999993
1.0000000000000007
1.0000000000000009
1.0000000000000007
1.0000000000000002
0.999999999999996
0.9999999999999984
0.9999999999999997
0.9999999999999987
0.999999999999999
0.9999999999999996
0.9999999999999989
0.9999999999999992
1.0000000000000047
1.000000000000008
1.000000000000009
1.000000000000005
0.9999999999999761
0.9999999999999709
0.9999999999999866
0.999999999999994
1.0000000000000016
1.0000000000000042
1.0000000000000038
1.0000000000000044
0.9999999999999977
0.9999999999999992
0.9999999999999986
0.9999999999999988
1.0000000000000004
1.0000000000000002
1.0000000000000007
1.0000000000000004
1.0
1.0
0.9999999999999996
0.9999999999999999
0.999999999999999
0.9999999999999986
0.9999999999999996
0.9999999999999988
1.0
0.9999999999999996
0.9999999999999997
0.9999999999999997
1.0000000000000022
1.0000000000000013
1.0000000000000016
1.0000000000000018
0.9999999999999908
0.9999999999999933
0.999999999999991
0.9999999999999911
0.9999999999999186
1.000000000000049
1.0000000000000584
1.0000000000000637
0.9999999999999907
0.9999999999999865
0.9999999999999883
0.9999999999999797
1.0000000000000044
1.0000000000000075
1.0000000000000056
1.0000000000000016
0.9999999999999989
0.999999999999999
0.9999999999999984
0.9999999999999992
1.0
1.0000000000000002
1.0000000000000002
1.0000000000000002
0.9999999999999989
0.999999999999999
0.9999999999999988
0.9999999999999984
0.9999999999999998
0.9999999999999994
0.9999999999999997
0.9999999999999998
0.9999999999999999
1.0000000000000002
1.0000000000000004
1.0000000000000002
1.0000000000000002
1.0000000000000002
1.0000000000000007
1.0
1.0000000000000007
1.0000000000000002
1.0000000000000002
1.0000000000000002
0.9999999999999999
0.9999999999999997
0.9999999999999993
0.9999999999999999
1.0000000000000013
1.0000000000000009
1.0000000000000013
1.0000000000000018
1.0000000000000009
1.000000000000001
1.0000000000000004
1.0000000000000002
1.0
1.0
1.0
1.0000000000000002
1.0000000000000002
1.0
0.9999999999999996
0.9999999999999997
1.0000000000000013
0.9999999999999952
0.9999999999999972
0.9999999999999953
0.9999999999999903
1.0000000000000144
1.0000000000000182
1.000000000000014
0.9999999999999947
0.9999999999999878
0.9999999999999936
0.9999999999999962
1.0000000000000007
1.0000000000000007
1.0000000000000007
1.0000000000000013
1.0000000000000007
0.9999999999999996
0.9999999999999992
0.9999999999999997
1.0000000000000044
1.0000000000000036
1.000000000000004
1.0000000000000038
0.9999999999999996
0.9999999999999998
0.9999999999999991
0.9999999999999994
0.9999999999999994
0.9999999999999991
0.9999999999999994
0.9999999999999992
1.0000000000000022
1.000000000000003
1.0000000000000016
1.000000000000002
0.9999999999999958
0.9999999999999972
0.9999999999999978
0.9999999999999976
1.0
1.0000000000000002
1.0000000000000004
1.0000000000000002
0.9999999999999997
1.0000000000000007
1.0000000000000002
1.0000000000000004
1.0000000000000002
1.0
1.0000000000000002
1.0
1.0000000000000002
1.0000000000000004
1.0000000000000004
1.0000000000000004
1.0000000000000004
1.0000000000000004
1.0000000000000007
1.0000000000000004
1.0000000000000007
1.0000000000000007
1.0
1.0000000000000002
0.9999999999999991
0.9999999999999997
0.9999999999999998
0.9999999999999997
0.9999999999999993
0.9999999999999997
0.9999999999999998
0.9999999999999999
0.9999999999999994
0.999999999999999
0.9999999999999997
1.0
0.9999999999999997
0.999999999999999
0.9999999999999988
0.9999999999999993
1.0000000000000002
1.0000000000000002
1.0000000000000002
0.9999999999999997
1.0
1.0000000000000004
1.0000000000000004
1.0000000000000002
1.0000000000000004
1.0
1.0
0.9999999999999998
0.9999999999999993
1.0000000000000002
1.0
0.9999999999999998
0.9999999999999996
1.0000000000000002
1.0000000000000004
1.0000000000000004
1.0000000000000002
1.0000000000000002
1.0000000000000002
1.0000000000000002
0.9999999999999993
0.9999999999999991
0.9999999999999989
0.999999999999999
0.9999999999999998
1.0000000000000004
1.0000000000000004
1.0000000000000007
0.9999999999999997
0.9999999999999992
0.9999999999999991
0.9999999999999996
0.999999999999999
0.9999999999999996
1.0
0.9999999999999997
1.000000000000001
1.0000000000000013
1.0000000000000007
1.000000000000001
0.9999999999999986
1.0000000000000007
1.0000000000000004
1.0000000000000004
0.9999999999999994
0.9999999999999996
0.9999999999999997
0.9999999999999994
1.0000000000000013
1.0000000000000016
1.0000000000000018
1.0000000000000009
0.9999999999999993
0.9999999999999992
0.9999999999999989
0.9999999999999983
1.0000000000000002
1.0000000000000002
1.0000000000000002
1.0000000000000002
0.9999999999999996
0.9999999999999996
0.9999999999999994
0.9999999999999996
1.0000000000000009
0.9999999999999999
1.0000000000000004
1.0000000000000007
0.9999999999999987
0.9999999999999984
0.9999999999999988
1.0
0.9999999999999988
0.9999999999999983
0.9999999999999986
0.9999999999999998
1.0000000000000002
1.0000000000000002
1.0
1.0000000000000002
0.9999999999999999
0.9999999999999987
1.0
0.9999999999999997
0.9999999999999998
0.9999999999999997
1.0
0.9999999999999998
1.0000000000000004
0.9999999999999996
1.0000000000000002
0.9999999999999996
0.9999999999999989
1.000000000000001
1.0000000000000009
1.0000000000000007
1.0000000000000002
1.0000000000000002
0.9999999999999999
1.0
1.0000000000000002
1.0
0.9999999999999998
0.9999999999999997
0.999999999999999
0.9999999999999946
0.9999999999999929
0.9999999999999947
1.0000000000000049
1.0000000000000069
1.000000000000003
1.0000000000000102
0.9999999999999979
0.9999999999999988
0.9999999999999986
0.9999999999999994
1.0000000000000027
0.9999999999999911
0.9999999999999953
0.9999999999999929
1.0000000000000018
1.0000000000000013
1.0000000000000013
1.000000000000001
1.0000000000000002
1.0
1.0
1.0000000000000007
0.9999999999999989
0.9999999999999994
0.9999999999999992
0.999999999999999
1.0000000000000002
0.9999999999999998
1.0
0.9999999999999997
1.0000000000000007
1.000000000000001
1.0000000000000007
1.0000000000000009
0.9999999999999996
0.9999999999999993
0.9999999999999993
0.9999999999999998
1.0000000000000002
1.0000000000000002
1.0000000000000002
1.0
1.0
1.0000000000000002
1.0000000000000002
0.9999999999999997
1.0
0.9999999999999994
0.9999999999999993
0.9999999999999991
1.0000000000000044
1.0000000000000093
1.0000000000000047
1.0000000000000098
0.9999999999999979
1.0000000000000042
0.9999999999999984
1.0000000000000002
1.000000000000001
1.0000000000000004
1.0000000000000004
1.0000000000000002
0.9999999999999998
1.0
0.9999999999999999
0.9999999999999999
1.0
1.0
1.0
0.9999999999999998
1.0000000000000009
1.0000000000000002
1.0000000000000002
1.0000000000000004
0.9999999999999986
0.9999999999999996
0.9999999999999977
0.999999999999998
1.0000000000000009
1.000000000000001
1.0000000000000013
1.0000000000000013
1.0000000000000004
1.0000000000000004
1.0000000000000002
1.0000000000000007
0.9999999999999996
0.9999999999999996
0.9999999999999998
0.9999999999999997
0.9999999999999997
0.9999999999999998
0.9999999999999991
0.9999999999999993
0.9999999999999979
1.0000000000000013
1.0000000000000033
1.0000000000000016
0.9999999999999991
0.9999999999999992
0.9999999999999998
0.9999999999999993
0.9999999999999989
1.0000000000000004
0.9999999999999988
0.999999999999999
1.0000000000000004
0.9999999999999993
1.0000000000000002
1.0000000000000004
0.9999999999999998
0.9999999999999999
0.9999999999999999
0.9999999999999996
1.0
1.0000000000000002
1.0000000000000004
1.0000000000000002
1.0000000000000016
1.0000000000000018
1.0000000000000004
1.0000000000000007
0.9999999999999926
0.9999999999999938
0.9999999999999954
0.999999999999997
1.000000000000001
1.000000000000001
1.0000000000000013
1.0000000000000007
1.0000000000000002
0.9999999999999999
1.0
1.0000000000000002
1.0000000000000007
1.0000000000000004
1.0000000000000002
1.0000000000000004
0.9999999999999992
0.9999999999999989
0.9999999999999984
0.9999999999999989
0.9999999999999997
0.9999999999999998
0.9999999999999998
0.9999999999999993
1.000000000000004
1.0000000000000033
1.0000000000000064
1.0000000000000082
0.9999999999999977
0.9999999999999982
0.9999999999999969
0.9999999999999976
0.9999999999999986
0.9999999999999986
0.9999999999999989
0.9999999999999993
1.0000000000000004
1.0000000000000022
1.0000000000000007
1.0000000000000016
0.9999999999999999
0.9999999999999992
0.9999999999999987
0.9999999999999988
1.0000000000000009
1.0000000000000013
0.9999999999999998
1.0
1.0000000000000004
1.0000000000000002
1.0000000000000007
1.0000000000000007
0.9999999999999991
0.9999999999999987
0.9999999999999986
0.9999999999999992
1.0000000000000002
1.0
1.0000000000000002
1.0000000000000002
1.000000000000002
1.0000000000000002
1.0000000000000004
1.0000000000000007
1.0000000000000004
1.0000000000000002
1.0000000000000004
1.0000000000000004
0.999999999999998
0.9999999999999981
0.9999999999999991
0.9999999999999992
1.000000000000001
1.0000000000000018
1.000000000000001
1.0000000000000013
0.9999999999999968
0.9999999999999988
0.9999999999999984
0.9999999999999986
1.000000000000002
1.0000000000000016
1.000000000000001
1.0000000000000013
1.0
1.0
0.9999999999999998
1.0
1.0000000000000007
1.0000000000000009
1.0000000000000007
1.0000000000000007
0.999999999999997
0.9999999999999996
1.0
0.9999999999999993
1.0
1.0
0.9999999999999998
1.0
1.0000000000000002
0.9999999999999997
0.9999999999999997
0.9999999999999997
1.0
1.0000000000000002
1.0000000000000002
1.0000000000000002
1.0000000000000004
1.0000000000000004
1.0000000000000004
1.0000000000000007
0.9999999999999993
0.9999999999999996
0.9999999999999994
0.9999999999999996
1.0000000000000007
1.0000000000000009
1.0000000000000002
1.0
1.0000000000000027
1.0000000000000013
1.000000000000001
1.0000000000000004
1.0
1.0
1.0000000000000002
1.0000000000000007
1.0000000000000016
1.0000000000000004
1.0000000000000007
1.0000000000000013
1.0000000000000002
0.9999999999999999
0.9999999999999998
0.9999999999999999
1.000000000000001
1.0000000000000007
1.0000000000000002
1.0000000000000002
1.0000000000000007
1.0000000000000029
1.0000000000000018
1.0000000000000024
0.9999999999999996
0.9999999999999994
0.9999999999999994
0.9999999999999996
0.9999999999999991
0.9999999999999997
0.9999999999999993
0.9999999999999996
1.0000000000000013
1.0000000000000007
1.0000000000000002
1.0000000000000004
0.9999999999999997
0.9999999999999999
0.9999999999999999
0.9999999999999993
1.0000000000000009
1.0000000000000004
1.0000000000000007
1.0000000000000007
1.0000000000000004
0.9999999999999997
1.0000000000000004
1.000000000000001
1.0000000000000004
1.0000000000000036
1.000000000000001
1.0000000000000016
0.9999999999999989
0.999999999999999
0.9999999999999976
0.9999999999999972
1.0000000000000004
1.0000000000000007
1.0000000000000009
1.0000000000000013
0.9999999999999991
0.999999999999998
0.9999999999999993
0.9999999999999991
1.0000000000000007
1.0000000000000013
1.0000000000000016
1.000000000000001
0.9999999999999993
0.9999999999999993
0.9999999999999996
0.9999999999999992
0.9999999999999993
0.9999999999999999
1.0000000000000002
1.0000000000000002
1.0
0.9999999999999996
1.0000000000000002
1.0000000000000004
1.0000000000000004
0.9999999999999998
1.0
0.9999999999999998
1.0
1.0000000000000009
1.0000000000000002
1.0000000000000002
1.0
1.000000000000001
1.0000000000000002
1.0000000000000009
0.9999999999999983
0.9999999999999979
0.9999999999999991
0.9999999999999994
0.9999999999999997
0.9999999999999998
0.9999999999999998
0.9999999999999994
1.0000000000000018
1.0000000000000007
1.0000000000000009
1.0000000000000013
0.9999999999999998
0.9999999999999997
0.9999999999999991
0.9999999999999983
0.9999999999999997
1.0000000000000022
1.0000000000000047
1.0000000000000004
0.9999999999999996
0.9999999999999991
0.9999999999999989
0.9999999999999993
0.9999999999999966
0.9999999999999973
0.9999999999999986
0.999999999999999
1.0000000000000009
1.0000000000000013
1.000000000000001
1.0000000000000013
1.0000000000000036
1.0000000000000007
1.0000000000000007
1.000000000000001
0.9999999999999992
1.0
1.0
1.0000000000000002
1.000000000000001
1.0000000000000009
1.0000000000000016
1.0000000000000016
0.9999999999999991
0.999999999999999
0.9999999999999989
0.999999999999999
1.0
1.0000000000000007
1.0000000000000009
1.0000000000000004
0.9999999999999998
1.0
0.9999999999999992
0.9999999999999998
1.00000000000001
0.9999999999999871
0.9999999999999921
0.999999999999994
1.0000000000000036
1.0000000000000022
1.0000000000000027
1.0000000000000022
0.9999999999999988
0.999999999999998
0.9999999999999996
0.9999999999999984
1.0000000000000056
1.0000000000000022
1.000000000000002
1.0000000000000009
0.9999999999999994
0.9999999999999994
0.9999999999999988
0.9999999999999997
1.000000000000001
1.0000000000000004
1.0000000000000007
1.0000000000000004
1.0
1.0000000000000002
1.0
1.0
1.0000000000000004
1.0000000000000009
1.0000000000000007
1.0000000000000007
0.9999999999999996
0.9999999999999994
0.9999999999999992
0.9999999999999992
1.0000000000000002
1.0000000000000002
1.0000000000000004
1.0000000000000004
0.9999999999999998
0.9999999999999992
0.9999999999999991
0.9999999999999997
1.0000000000000002
1.0000000000000002
1.0
0.9999999999999998
1.0
1.0000000000000002
1.0000000000000002
1.0
0.9999999999999996
1.0
0.9999999999999997
0.9999999999999999
0.9999999999999998
0.9999999999999999
1.0
0.9999999999999999
0.9999999999999998
1.0
0.9999999999999997
1.0
1.0000000000000009
1.0000000000000002
1.0000000000000004
1.0000000000000002
1.0000000000000056
0.9999999999999902
1.000000000000003
1.0000000000000009
0.9999999999999993
0.9999999999999992
0.9999999999999993
0.9999999999999992
0.9999999999999996
0.9999999999999996
0.9999999999999997
0.9999999999999998
0.9999999999999999
1.0000000000000009
1.0000000000000004
1.0000000000000002
1.0000000000000149
1.0000000000000078
1.0000000000000198
1.0000000000000138
0.9999999999999919
0.9999999999999983
0.9999999999999976
0.9999999999999984
0.999999999999997
0.9999999999999951
0.9999999999999956
0.9999999999999947
1.0000000000000426
1.000000000000056
1.0000000000000486
1.0000000000000189
0.9999999999999889
0.9999999999999892
0.9999999999999916
0.9999999999999862
1.000000000000002
1.0000000000000016
1.0000000000000027
1.0000000000000009
1.0000000000000022
1.0000000000000075
0.9999999999999996
0.9999999999999991
1.0000000000000147
1.0000000000000036
1.0000000000000075
1.000000000000004
0.9999999999999996
0.9999999999999996
1.0000000000000004
0.9999999999999998
0.9999999999999802
1.0000000000000002
1.0000000000000004
0.9999999999999993
1.0000000000000007
1.0000000000000004
1.0000000000000004
1.0000000000000007
0.9999999999999993
0.9999999999999993
0.999999999999999
0.9999999999999992
1.0000000000000056
1.0000000000000064
1.0000000000000018
1.0000000000000033
0.9999999999999967
0.9999999999999842
0.9999999999999598
0.9999999999999676
1.0000000000000118
1.0000000000000158
1.0000000000000115
1.0000000000000062
0.9999999999999987
0.9999999999999978
0.9999999999999983
0.9999999999999974
0.999999999999998
0.9999999999999989
1.0000000000000002
0.9999999999999983
1.0000000000000009
1.0000000000000007
1.0000000000000022
1.000000000000001
0.999999999999999
0.9999999999999993
0.9999999999999991
0.9999999999999988
1.0000000000000004
1.0000000000000004
1.0000000000000004
1.0000000000000004
1.0
1.0000000000000007
1.0000000000000002
0.9999999999999999
1.0000000000000013
0.9999999999999969
1.0000000000000009
1.0000000000000007
1.0000000000000038
1.0000000000000018
1.0000000000000007
1.0000000000000004
0.9999999999999998
0.9999999999999998
0.9999999999999996
0.9999999999999998
0.9999999999999998
1.000000000000002
1.0000000000000004
1.0000000000000009
0.9999999999999998
0.9999999999999998
0.9999999999999998
0.9999999999999994
0.9999999999999999
0.9999999999999994
0.9999999999999997
0.9999999999999997
1.0000000000000056
1.0000000000000036
1.0000000000000122
1.0000000000000113
0.9999999999999891
0.9999999999999909
0.9999999999999901
0.9999999999999944
1.000000000000001
1.0000000000000009
1.0000000000000009
1.0000000000000018
1.000000000000002
1.000000000000001
1.0000000000000013
1.0000000000000038
0.9999999999999984
0.9999999999999993
0.9999999999999986
0.9999999999999987
1.0000000000000002
1.0000000000000007
1.0000000000000013
1.0000000000000004
1.0
1.0000000000000004
1.0
1.0000000000000002
1.0000000000000004
1.000000000000001
1.0000000000000009
1.0000000000000007
1.0000000000000002
1.0
0.9999999999999999
1.0
1.0000000000000007
1.0000000000000004
1.0000000000000002
1.0000000000000002
0.9999999999999992
0.9999999999999994
0.9999999999999997
0.9999999999999999
0.9999999999999994
0.9999999999999997
0.9999999999999999
0.9999999999999992
1.0000000000000007
1.0000000000000007
1.0000000000000002
1.0000000000000002
0.999999999999998
0.9999999999999982
0.9999999999999982
0.9999999999999992
1.0000000000000002
1.0000000000000007
1.0000000000000004
1.0000000000000007
1.000000000000001
0.9999999999999998
0.9999999999999998
0.9999999999999994
1.0000000000000002
1.0000000000000002
1.0000000000000002
1.0000000000000002
1.0000000000000004
1.0000000000000004
1.0000000000000004
1.0000000000000004
0.9999999999999994
0.9999999999999994
0.9999999999999988
0.9999999999999988
0.9999999999999997
1.0000000000000004
0.9999999999999996
0.9999999999999996
1.0000000000000007
1.0000000000000007
1.0000000000000004
1.0000000000000007
0.999999999999999
0.9999999999999973
0.9999999999999983
0.9999999999999983
1.0000000000000024
1.000000000000002
1.0000000000000038
1.0000000000000022
0.9999999999999996
0.9999999999999989
0.9999999999999977
0.999999999999998
1.0000000000000013
1.0000000000000004
1.0000000000000007
1.0000000000000004
0.9999999999999997
1.0
1.0000000000000002
0.9999999999999998
0.9999999999999997
0.9999999999999998
0.9999999999999998
0.9999999999999998
0.9999999999999996
0.9999999999999989
0.9999999999999996
0.999999999999999
1.0000000000000002
1.0
1.0000000000000018
1.000000000000001
1.0000000000000004
0.999999999999999
0.9999999999999997
0.9999999999999984
1.000000000000001
1.0000000000000024
1.000000000000002
1.0000000000000009
1.0000000000000002
1.0000000000000002
1.0
1.0000000000000002
0.999999999999997
0.9999999999999977
0.999999999999998
0.9999999999999951
1.0000000000000009
1.0000000000000009
1.0000000000000004
1.0000000000000007
0.9999999999999993
0.9999999999999997
0.9999999999999997
0.9999999999999996
1.0000000000000027
1.0000000000000044
1.000000000000002
1.0000000000000033
0.9999999999999997
0.9999999999999992
0.9999999999999988
0.9999999999999988
1.0000000000000013
1.0000000000000009
1.0000000000000013
1.0000000000000009
0.9999999999999961
0.9999999999999961
0.9999999999999973
0.9999999999999978
1.0000000000000027
1.0000000000000016
1.0000000000000022
1.0000000000000018
0.9999999999999941
0.999999999999999
0.999999999999998
0.9999999999999971
1.0000000000000013
1.000000000000001
1.000000000000002
1.000000000000001
0.9999999999999947
0.9999999999999918
0.9999999999999944
0.9999999999999964
1.000000000000002
1.0000000000000013
1.0
1.0000000000000013
0.9999999999999994
0.9999999999999997
0.9999999999999994
0.9999999999999996
0.9999999999999994
1.0000000000000004
1.0000000000000004
1.0000000000000004
1.0000000000000024
1.0000000000000029
1.0000000000000024
1.0000000000000013
1.0000000000000004
1.0000000000000004
1.0000000000000009
1.0000000000000007
1.0000000000000002
1.0000000000000002
1.0000000000000002
1.0000000000000002
1.0000000000000004
1.0000000000000004
1.0000000000000004
0.9999999999999997
1.0000000000000024
1.0
1.0000000000000009
1.0000000000000007
0.999999999999999
0.999999999999999
0.9999999999999987
0.9999999999999997
1.0000000000000004
1.0000000000000004
1.0
1.0000000000000002
0.9999999999999999
0.999999999999999
1.0000000000000022
1.0000000000000038
0.9999999999999997
0.9999999999999989
0.9999999999999998
0.9999999999999994
0.9999999999999988
0.9999999999999993
0.9999999999999996
0.9999999999999993
1.0000000000000082
1.0000000000000036
1.0000000000000058
1.0000000000000042
0.9999999999999983
0.9999999999999989
0.9999999999999982
0.9999999999999988
1.0
1.0000000000000002
1.0000000000000004
1.0000000000000002
0.9999999999999986
0.9999999999999996
0.9999999999999992
0.999999999999999
1.0000000000000004
1.0
1.0000000000000009
1.0000000000000004
0.9999999999999999
0.9999999999999974
0.9999999999999988
0.9999999999999989
0.9999999999999997
0.9999999999999998
0.9999999999999997
0.9999999999999997
0.9999999999999998
1.0
0.9999999999999998
1.0
1.0000000000000004
1.0000000000000004
1.0
1.0000000000000002
1.0000000000000009
1.0000000000000004
1.0000000000000009
1.0000000000000007
0.9999999999999999
0.9999999999999997
0.9999999999999998
0.9999999999999998
1.0
1.0
1.0
0.9999999999999996
1.0000000000000002
1.0000000000000002
1.0
1.0
0.9999999999999994
0.9999999999999998
0.9999999999999994
0.9999999999999994
1.0000000000000002
1.0
1.0000000000000002
1.0000000000000004
0.9999999999999994
0.9999999999999999
0.9999999999999994
0.9999999999999996
0.9999999999999988
0.9999999999999994
0.9999999999999987
0.9999999999999987
1.0000000000000024
1.0000000000000007
1.0000000000000036
1.000000000000002
0.9999999999999994
0.9999999999999991
0.999999999999999
0.9999999999999993
0.999999999999998
0.9999999999999993
0.9999999999999998
0.9999999999999988
0.9999999999999996
0.9999999999999996
0.9999999999999997
0.9999999999999997
1.0000000000000009
0.9999999999999996
0.9999999999999994
0.9999999999999996
1.0000000000000007
1.0000000000000029
1.0000000000000024
1.0000000000000016
0.9999999999999996
0.9999999999999989
0.9999999999999992
0.9999999999999992
0.9999999999999999
1.0
1.0
0.9999999999999999
0.9999999999999999
1.0000000000000002
0.9999999999999999
1.0
1.0000000000000002
1.0000000000000007
1.0000000000000004
1.0000000000000004
1.0000000000000002
1.0000000000000002
1.0000000000000002
1.0000000000000002
1.0000000000000029
1.0000000000000004
1.0000000000000009
1.0000000000000007
0.9999999999999997
0.9999999999999997
0.9999999999999998
1.0
1.0000000000000007
1.0000000000000007
1.0000000000000004
1.0000000000000007
0.9999999999999996
0.9999999999999988
0.9999999999999984
0.9999999999999984
1.0000000000000029
1.000000000000001
1.0000000000000009
1.000000000000001
0.9999999999999988
0.9999999999999986
0.9999999999999984
0.9999999999999992
0.9999999999999996
0.999999999999999
0.9999999999999998
0.9999999999999994
0.999999999999999
1.0000000000000016
1.0000000000000004
1.0
1.0000000000000002
1.0000000000000002
1.0000000000000002
1.0000000000000002
1.0
0.9999999999999998
0.9999999999999998
1.0
1.0000000000000004
1.0000000000000007
1.0000000000000007
1.0000000000000004
1.0000000000000002
1.0000000000000002
1.0
1.0000000000000002
0.9999999999999998
0.9999999999999997
0.9999999999999993
0.9999999999999996
0.9999999999999999
1.0000000000000002
1.0000000000000004
1.0000000000000002
1.0000000000000007
1.0000000000000009
1.0000000000000007
1.0000000000000004
0.9999999999999984
0.9999999999999984
0.9999999999999991
0.999999999999999
1.0000000000000004
1.0000000000000002
1.0000000000000007
1.0000000000000004
0.9999999999999997
0.9999999999999994
0.999999999999999
0.9999999999999996
1.0000000000000004
1.0000000000000002
1.0
1.0000000000000004
0.9999999999999989
0.9999999999999989
0.9999999999999989
0.9999999999999992
0.9999999999999991
1.0000000000000002
1.0
1.0
1.0000000000000004
1.0000000000000002
1.0000000000000004
1.000000000000001
0.9999999999999998
0.9999999999999999
0.9999999999999998
0.9999999999999999
1.000000000000001
1.0000000000000009
1.0000000000000007
1.0000000000000004
0.999999999999999
0.9999999999999997
0.9999999999999993
0.9999999999999984
1.0000000000000002
1.0
1.0000000000000007
1.0000000000000002
1.0000000000000002
0.9999999999999998
0.9999999999999999
0.9999999999999997
0.9999999999999998
1.0000000000000004
1.0000000000000002
1.0000000000000002
0.9999999999999996
0.9999999999999997
1.0
0.9999999999999998
0.9999999999999979
0.9999999999999981
0.9999999999999978
0.9999999999999984
1.000000000000006
1.0000000000000067
1.000000000000002
1.000000000000001
0.9999999999999999
0.9999999999999993
0.9999999999999994
0.9999999999999994
0.9999999999999974
0.9999999999999986
0.9999999999999981
0.9999999999999984
1.0000000000000004
1.0000000000000007
1.0000000000000007
1.0000000000000007
1.0
1.0000000000000018
0.9999999999999991
0.9999999999999978
1.0000000000000002
1.0000000000000004
1.0000000000000002
1.0000000000000002
1.0000000000000007
1.0000000000000004
1.0000000000000004
1.0000000000000004
1.0
1.0000000000000002
1.0000000000000002
0.9999999999999999
0.9999999999999993
0.9999999999999997
0.9999999999999997
0.9999999999999994
0.9999999999999994
1.0000000000000007
1.0000000000000013
1.0000000000000016
1.0000000000000002
1.000000000000001
1.0000000000000004
0.9999999999999999
1.0000000000000002
1.0000000000000009
0.9999999999999996
0.9999999999999997
0.9999999999999994
0.9999999999999992
0.9999999999999993
0.9999999999999993
1.000000000000001
1.000000000000001
1.0000000000000007
1.0000000000000004
1.0000000000000002
1.0
0.9999999999999999
0.9999999999999998
0.9999999999999989
0.9999999999999999
0.9999999999999999
0.9999999999999994
1.0000000000000004
1.0
1.0
1.0000000000000002
1.0000000000000004
1.0000000000000009
1.0000000000000007
1.0000000000000009
1.0000000000000002
0.9999999999999982
1.0000000000000007
1.0000000000000007
0.9999999999999997
0.9999999999999994
0.9999999999999997
0.9999999999999996
1.0000000000000009
1.000000000000001
1.0000000000000007
1.0000000000000007
1.0000000000000004
1.0
1.0
1.0
0.9999999999999997
0.999999999999999
0.9999999999999991
0.999999999999999
1.0000000000000004
1.0
0.9999999999999998
1.0000000000000002
1.0000000000000004
1.0
1.0000000000000002
1.0
0.9999999999999997
0.9999999999999999
0.9999999999999993
0.9999999999999998
0.9999999999999997
0.9999999999999998
1.0
0.9999999999999999
0.9999999999999988
1.0
0.9999999999999989
0.9999999999999999
1.0000000000000042
1.000000000000005
1.0000000000000044
1.0000000000000038
0.9999999999999993
0.9999999999999991
0.9999999999999997
0.9999999999999989
0.9999999999999999
0.9999999999999999
0.9999999999999996
0.9999999999999996
0.9999999999999998
1.0000000000000002
0.9999999999999997
0.9999999999999996
1.0000000000000004
1.0000000000000002
1.0000000000000004
1.0000000000000004
1.0000000000000009
1.0000000000000007
1.000000000000001
1.0000000000000013
1.0000000000000016
0.9999999999999967
0.9999999999999957
0.9999999999999983
1.0000000000000009
1.0000000000000009
1.0000000000000004
1.0000000000000002
0.9999999999999998
0.9999999999999999
0.9999999999999997
0.9999999999999996
1.0000000000000013
1.0000000000000016
1.000000000000001
1.000000000000001
1.0000000000000004
0.9999999999999998
1.0000000000000002
1.0
1.0000000000000007
1.0000000000000013
1.0000000000000013
1.000000000000001
0.9999999999999991
0.9999999999999996
0.9999999999999988
0.9999999999999986
0.9999999999999997
0.9999999999999998
0.9999999999999998
0.9999999999999998
1.0
1.0000000000000004
1.0000000000000002
1.0000000000000004
0.9999999999999993
0.9999999999999996
0.9999999999999994
0.9999999999999996
1.0000000000000004
1.0000000000000013
1.0000000000000007
1.0000000000000004
0.9999999999999987
0.9999999999999986
0.9999999999999996
0.9999999999999989
1.000000000000001
1.0000000000000004
1.0000000000000004
1.0000000000000009
1.0
1.0
1.0
1.0
1.0000000000000002
0.9999999999999999
1.0
1.0
1.0
0.9999999999999994
0.9999999999999992
0.9999999999999994
1.0000000000000013
1.0000000000000007
1.0000000000000007
1.0000000000000007
0.9999999999999777
0.999999999999996
0.9999999999999922
0.9999999999999893
1.0000000000000024
1.0000000000000027
1.0000000000000047
1.000000000000005
1.0000000000000007
1.0
0.9999999999999994
0.9999999999999997
0.9999999999999997
0.9999999999999998
0.9999999999999994
0.9999999999999997
0.9999999999999998
0.9999999999999996
1.0000000000000002
1.0
0.9999999999999998
1.0
0.9999999999999998
0.9999999999999999
0.999999999999999
0.9999999999999981
0.9999999999999998
0.9999999999999996
1.0000000000000007
1.0000000000000009
1.0
1.0000000000000002
1.0
0.9999999999999998
0.9999999999999994
0.9999999999999991
1.0
0.9999999999999998
1.0
0.9999999999999998
0.9999999999999993
0.9999999999999992
0.9999999999999988
1.0
0.9999999999999984
0.9999999999999984
0.9999999999999986
0.9999999999999987
1.0000000000000004
1.0000000000000007
1.0000000000000002
1.000000000000001
1.0
0.9999999999999993
0.999999999999999
0.9999999999999997
0.9999999999999981
1.0
0.9999999999999998
0.9999999999999997
1.0
1.0
1.0000000000000002
1.0
1.0000000000000004
0.9999999999999996
1.0
1.0
1.0
1.0
0.9999999999999999
1.0
0.9999999999999986
0.9999999999999998
1.0000000000000002
0.9999999999999998
1.0000000000000004
1.0000000000000007
1.0000000000000013
1.0000000000000002
1.0000000000000044
1.0000000000000064
1.0000000000000033
1.0000000000000062
1.0
0.9999999999999993
0.9999999999999994
1.0
0.9999999999999992
0.9999999999999997
0.9999999999999998
1.0
1.0000000000000022
1.000000000000001
1.0000000000000002
1.0000000000000009
0.9999999999999992
0.9999999999999999
0.9999999999999992
0.9999999999999991
1.0000000000000004
1.000000000000001
1.0000000000000007
1.0000000000000004
1.0000000000000022
1.0000000000000029
1.0000000000000009
1.0000000000000029
0.9999999999999987
0.9999999999999987
0.9999999999999981
0.9999999999999986
1.0000000000000016
1.0
1.0000000000000004
1.0000000000000009
1.0000000000000004
1.0000000000000013
1.0000000000000002
1.0000000000000002
0.9999999999999998
0.9999999999999997
1.0000000000000002
0.9999999999999998
0.9999999999999999
1.0000000000000004
0.9999999999999997
0.9999999999999998
1.0000000000000007
1.0000000000000004
1.0000000000000009
1.0000000000000013
0.9999999999999997
0.9999999999999992
0.9999999999999999
1.0
0.9999999999999998
1.0000000000000004
1.0000000000000002
1.0000000000000002
0.9999999999999997
0.9999999999999997
1.0000000000000002
0.9999999999999997
0.9999999999999984
1.0000000000000009
1.0000000000000004
1.0000000000000004
1.0000000000000002
1.0000000000000007
1.0000000000000002
1.0000000000000004
0.9999999999999999
0.9999999999999996
0.9999999999999997
0.9999999999999998
0.9999999999999998
0.9999999999999999
1.0
1.0
1.0000000000000002
1.0000000000000002
1.0000000000000002
1.0000000000000002
1.0000000000000002
1.0000000000000002
1.0000000000000002
1.0
0.9999999999999987
0.9999999999999992
0.9999999999999991
0.9999999999999994
0.9999999999999974
1.0000000000000056
1.0000000000000036
1.0000000000000038
1.0000000000000007
1.0000000000000007
0.9999999999999987
0.9999999999999982
1.0000000000000004
1.0000000000000004
1.0000000000000004
1.0000000000000004
0.9999999999999979
0.9999999999999996
0.9999999999999968
0.999999999999999
1.0000000000000067
1.0000000000000138
1.0000000000000078
1.0000000000000082
1.0000000000000655
0.9999999999998397
0.9999999999998435
0.9999999999999236
1.000000000000018
1.0000000000000255
1.0000000000000273
1.0000000000000324
0.9999999999999888
0.9999999999999905
0.99999999999999
0.9999999999999947
1.0000000000000024
1.0000000000000016
1.0000000000000013
1.0000000000000013
0.9999999999999988
0.9999999999999989
0.9999999999999997
0.9999999999999996
0.9999999999999997
0.9999999999999997
1.0
0.9999999999999997
1.0
1.0
1.0000000000000002
1.0000000000000002
1.0000000000000018
1.0000000000000036
1.000000000000003
1.0000000000000029
0.9999999999999749
0.9999999999999758
0.9999999999999897
0.9999999999999767
1.000000000000007
1.0000000000000036
1.0000000000000053
1.0000000000000075
0.9999999999999976
0.9999999999999988
0.9999999999999977
0.9999999999999974
1.0000000000000009
1.0000000000000009
1.000000000000001
1.000000000000001
0.9999999999999994
0.9999999999999993
1.0
0.9999999999999996
1.0000000000000007
1.0000000000000004
1.0000000000000004
1.0
1.0
1.0
0.9999999999999994
0.9999999999999999
0.9999999999999998
0.9999999999999997
1.0
1.0000000000000002
0.9999999999999994
0.9999999999999993
0.9999999999999996
0.9999999999999993
0.9999999999999997
1.0
0.9999999999999996
0.9999999999999996
0.9999999999999957
0.9999999999999977
0.9999999999999962
0.9999999999999989
1.0000000000000007
1.0000000000000004
1.0000000000000004
1.0000000000000007
1.000000000000001
1.0000000000000007
1.0000000000000016
1.0000000000000004
1.0000000000000022
0.9999999999999977
0.9999999999999994
0.9999999999999996
1.0000000000000007
1.000000000000001
1.0000000000000009
1.000000000000001
0.9999999999999998
0.9999999999999993
0.9999999999999997
0.9999999999999994
1.0000000000000007
1.0000000000000007
1.0000000000000009
1.0000000000000007
0.9999999999999993
0.9999999999999998
1.0000000000000004
1.0
0.9999999999999997
0.9999999999999997
1.0
0.9999999999999994
0.9999999999999996
0.999999999999999
0.9999999999999987
0.999999999999999
1.0000000000000004
1.0
1.0000000000000007
1.0
0.9999999999999998
0.9999999999999998
0.9999999999999996
0.9999999999999998
0.9999999999999998
0.9999999999999992
0.9999999999999991
0.9999999999999993
0.9999999999999998
0.9999999999999996
1.0
1.0
1.0
1.0
1.0
1.0000000000000002
0.9999999999999991
0.9999999999999993
0.9999999999999994
0.9999999999999993
1.0000000000000004
1.0000000000000002
1.0000000000000004
1.0000000000000007
0.9999999999999997
0.9999999999999997
1.0000000000000002
0.9999999999999998
1.0000000000000004
0.9999999999999974
0.9999999999999987
0.9999999999999996
0.9999999999999993
0.9999999999999991
0.9999999999999992
0.9999999999999996
1.0000000000000044
1.0000000000000018
1.0000000000000022
1.0000000000000022
0.9999999999999969
0.9999999999999979
0.9999999999999976
0.9999999999999976
1.0000000000000016
0.9999999999999996
1.0000000000000007
1.0000000000000009
1.0
0.9999999999999966
0.999999999999998
0.9999999999999989
1.0000000000000013
1.0000000000000009
1.0000000000000024
1.0000000000000022
0.9999999999999997
0.9999999999999993
0.9999999999999986
0.9999999999999988
1.0000000000000013
1.0000000000000013
1.0000000000000013
1.0000000000000009
0.9999999999999989
0.9999999999999987
0.9999999999999983
0.9999999999999991
1.0000000000000002
1.0000000000000004
1.0000000000000004
1.0000000000000009
1.0000000000000004
1.0000000000000002
1.0000000000000002
1.0000000000000002
0.999999999999999
0.9999999999999988
0.9999999999999988
0.9999999999999993
1.000000000000009
1.0000000000000078
1.0000000000000095
1.0000000000000075
0.9999999999998851
0.9999999999999034
0.9999999999998712
0.9999999999998966
1.000000000001486
1.0000000000006097
1.0000000000004048
1.0000000000005937
0.9999999999998965
0.9999999999999157
0.999999999999915
0.9999999999998567
1.0000000000000209
1.000000000000026
1.0000000000000295
1.0000000000000135
0.9999999999999946
0.9999999999999964
0.9999999999999971
0.9999999999999954
0.9999999999999999
1.0000000000000002
1.0
1.0000000000000002
1.0000000000000007
1.0000000000000002
1.0000000000000004
1.0000000000000007
1.0000000000000002
1.0000000000000009
1.0000000000000007
1.0
0.9999999999999993
0.9999999999999992
0.9999999999999984
0.9999999999999989
1.0000000000000004
1.0000000000000002
1.0000000000000004
1.0000000000000002
1.0
1.0000000000000002
1.0000000000000004
1.0000000000000002
0.9999999999999991
0.9999999999999992
0.9999999999999993
0.9999999999999988
1.000000000000001
1.0000000000000007
1.0000000000000022
1.0000000000000013
0.9999999999999998
0.9999999999999998
0.9999999999999998
0.9999999999999998
0.9999999999999976
0.9999999999999976
0.999999999999998
0.999999999999995
1.000000000000017
1.000000000000028
1.0000000000000113
1.0000000000000113
0.9999999999999949
0.999999999999996
0.9999999999999964
0.9999999999999946
0.999999999999988
1.0000000000000004
1.000000000000001
1.0000000000000009
0.9999999999999997
0.9999999999999989
0.9999999999999988
0.9999999999999991
1.0000000000000009
1.0000000000000009
1.000000000000001
1.0000000000000009
0.9999999999999982
0.9999999999999977
0.9999999999999992
0.9999999999999991
0.9999999999999992
0.9999999999999997
0.9999999999999999
0.9999999999999999
1.0000000000000009
1.0000000000000002
1.0000000000000002
1.0000000000000002
1.0
1.0
1.0000000000000002
1.0
1.0000000000000009
1.0000000000000004
1.0000000000000007
0.9999999999999997
1.0000000000000004
1.0000000000000007
1.0000000000000002
1.0000000000000002
1.0000000000000004
0.9999999999999998
0.9999999999999997
0.9999999999999998
1.0
1.0
0.9999999999999996
0.9999999999999983
1.0000000000000007
1.0000000000000009
1.0000000000000004
1.0000000000000004
0.9999999999999998
0.9999999999999998
1.0
1.0
0.9999999999999993
1.0
1.0
1.0
0.9999999999999993
0.9999999999999993
0.9999999999999992
0.9999999999999988
1.0000000000000007
1.0000000000000007
1.0000000000000002
1.0000000000000002
0.9999999999999992
1.0
1.0
0.9999999999999997
1.0000000000000004
1.0000000000000002
1.0000000000000007
1.0000000000000007
0.999999999999999
0.9999999999999983
0.9999999999999984
0.9999999999999983
1.000000000000004
1.0000000000000036
1.0000000000000013
1.000000000000003
0.999999999999999
0.9999999999999993
0.9999999999999988
0.9999999999999993
0.9999999999999989
0.9999999999999982
0.9999999999999997
0.9999999999999997
1.0
0.9999999999999994
0.9999999999999998
0.9999999999999997
1.0000000000000004
1.0000000000000007
1.0000000000000004
1.0
1.0000000000000007
1.0000000000000004
1.0000000000000002
1.0000000000000002
0.9999999999999992
0.9999999999999993
0.9999999999999993
0.9999999999999991
1.0000000000000009
1.000000000000001
1.0000000000000002
1.0000000000000013
0.9999999999999869
0.9999999999999809
0.999999999999988
0.999999999999982
1.0000000000000084
1.000000000000006
1.000000000000005
1.0000000000000056
0.9999999999999994
0.9999999999999989
0.9999999999999989
0.9999999999999991
0.9999999999999998
0.999999999999999
0.9999999999999994
0.9999999999999992
0.9999999999999998
1.0
1.0000000000000002
1.0000000000000002
0.9999999999999996
0.9999999999999991
0.9999999999999996
0.9999999999999997
0.9999999999999997
0.9999999999999997
1.0
0.9999999999999999
0.9999999999999997
0.9999999999999994
0.9999999999999996
0.9999999999999997
0.9999999999999996
0.9999999999999993
0.9999999999999993
0.9999999999999998
0.9999999999999974
0.9999999999999979
0.9999999999999982
0.9999999999999974
1.0000000000000002
1.0000000000000009
1.000000000000001
1.000000000000001
0.9999999999999998
0.9999999999999998
0.9999999999999999
0.9999999999999997
0.9999999999999994
0.9999999999999994
0.9999999999999991
0.9999999999999998
0.9999999999999998
1.0000000000000002
1.0
1.0000000000000004
1.0000000000000007
1.0000000000000007
1.0000000000000002
1.0000000000000002
1.0000000000000002
1.0000000000000007
1.000000000000001
1.0000000000000007
0.9999999999999989
0.9999999999999991
0.9999999999999996
0.9999999999999993
1.0000000000000009
1.0000000000000004
1.0000000000000018
1.0000000000000009
0.9999999999999996
0.9999999999999994
1.0
0.9999999999999994
0.9999999999999992
1.0000000000000002
1.0000000000000002
1.0
1.0
0.9999999999999999
1.0000000000000004
1.0
1.000000000000001
1.0000000000000002
1.000000000000001
1.000000000000001
0.9999999999999908
0.9999999999999977
0.9999999999999959
0.9999999999999961
1.0000000000000016
1.0000000000000016
1.0000000000000013
1.000000000000002
1.0
1.0
0.9999999999999999
0.9999999999999998
0.9999999999999998
1.0000000000000002
1.0000000000000004
0.9999999999999993
1.0
1.0
1.0
0.9999999999999996
0.9999999999999998
0.9999999999999997
0.9999999999999996
1.0000000000000002
0.9999999999999999
0.9999999999999996
0.9999999999999998
0.9999999999999998
1.0000000000000002
1.0
1.0000000000000002
1.0000000000000002
0.999999999999998
0.999999999999998
0.9999999999999989
0.9999999999999993
1.0000000000000044
1.000000000000002
1.0000000000000089
1.0000000000000053
0.9999999999999994
0.9999999999999978
0.9999999999999983
0.999999999999997
1.0000000000000024
1.0000000000000022
1.0000000000000022
1.0000000000000022
0.9999999999999991
0.9999999999999989
0.9999999999999989
0.9999999999999983
0.9999999999999988
0.9999999999999981
0.9999999999999989
1.0000000000000002
0.9999999999999993
0.9999999999999996
0.999999999999999
0.9999999999999996
1.0000000000000056
1.0000000000000016
1.0000000000000016
1.0000000000000027
1.0
0.9999999999999996
0.9999999999999993
0.9999999999999996
0.9999999999999998
0.9999999999999997
1.0000000000000002
1.0000000000000002
0.999999999999999
1.0
0.9999999999999998
0.9999999999999997
