1.2612284797402833e-14
0.9999999999999997
0.9999999999999999
0.9999999999999994
0.9999999999999997
1.0000000000000002
1.000000000000001
1.0000000000000009
1.0000000000000007
1.0000000000000002
1.0
0.9999999999999999
1.0000000000000002
0.9999999999999989
1.0000000000000007
0.9999999999999988
0.9999999999999986
1.0000000000000013
1.0000000000000018
1.0000000000000009
1.0000000000000016
0.9999999999999991
0.9999999999999984
0.9999999999999996
0.9999999999999997
1.0000000000000002
1.0000000000000013
1.0000000000000007
1.0000000000000009
0.999999999999998
0.9999999999999993
0.9999999999999977
0.9999999999999998
0.9999999999999993
0.9999999999999997
0.9999999999999992
0.9999999999999998
0.9999999999999997
0.9999999999999996
0.9999999999999998
0.9999999999999998
1.0000000000000009
1.0000000000000007
1.0000000000000002
1.0000000000000002
1.0000000000000002
1.0
1.0
0.9999999999999999
0.9999999999999996
0.9999999999999987
0.9999999999999986
0.9999999999999987
1.0
0.9999999999999998
0.9999999999999993
0.9999999999999997
0.9999999999999984
0.9999999999999992
0.9999999999999989
0.9999999999999958
1.000000000000001
1.0000000000000009
1.0000000000000007
1.000000000000001
1.0000000000000013
1.000000000000001
1.0000000000000007
1.0000000000000009
0.9999999999999987
0.9999999999999997
1.0
0.9999999999999991
1.0000000000000004
1.0000000000000009
0.9999999999999996
0.9999999999999997
0.9999999999999999
1.0
1.0
1.0
1.0000000000000002
1.0000000000000002
1.0
0.9999999999999998
0.999999999999999
0.999999999999998
1.0000000000000004
1.0000000000000004
0.9999999999999998
0.9999999999999999
0.9999999999999998
0.9999999999999998
1.0000000000000002
0.9999999999999996
0.9999999999999997
0.9999999999999998
0.9999999999999996
1.0
0.9999999999999998
0.9999999999999998
1.0000000000000013
1.0000000000000007
1.0000000000000022
1.0000000000000022
1.0000000000000004
0.9999999999999993
0.9999999999999996
0.9999999999999994
1.0
1.0
1.0
1.0
0.9999999999999974
0.999999999999999
0.9999999999999997
0.9999999999999988
1.0000000000000004
1.0
1.0000000000000002
1.0000000000000002
1.0000000000000007
0.9999999999999998
0.9999999999999996
0.9999999999999992
1.0000000000000002
1.0
1.0
1.0
1.0000000000000002
1.0000000000000002
1.0000000000000004
1.0000000000000004
1.0000000000000004
1.0000000000000004
0.9999999999999999
1.0
0.9999999999999971
1.0000000000000004
0.9999999999999992
0.9999999999999997
1.0000000000000009
1.000000000000001
1.000000000000001
1.0000000000000004
0.9999999999999967
0.9999999999999971
0.9999999999999987
0.9999999999999963
1.0000000000000013
1.000000000000002
1.0000000000000009
1.0000000000000009
0.9999999999999982
0.9999999999999987
0.9999999999999991
0.9999999999999979
1.0000000000000004
1.0000000000000009
1.0000000000000002
1.0000000000000002
0.9999999999999984
0.9999999999999993
0.9999999999999989
0.9999999999999992
1.0000000000000173
0.9999999999999988
0.9999999999999967
0.9999999999999993
0.9999999999999997
0.9999999999999993
0.9999999999999993
0.9999999999999996
1.0000000000000022
1.0000000000000069
1.0000000000000013
1.0000000000000067
0.999999999999999
0.9999999999999977
0.9999999999999978
0.9999999999999991
1.0000000000000013
1.0000000000000064
1.0000000000000018
1.0000000000000075
0.9999999999999997
0.9999999999999984
0.9999999999999988
0.9999999999999991
1.0000000000000007
1.000000000000001
1.0000000000000009
1.0000000000000007
0.9999999999999992
0.9999999999999997
0.9999999999999996
0.9999999999999997
1.0
1.0000000000000002
1.0000000000000002
1.0000000000000007
0.9999999999999971
0.9999999999999992
0.9999999999999979
0.9999999999999977
1.0000000000000016
1.0000000000000016
1.0000000000000018
1.0000000000000024
0.9999999999999998
0.9999999999999996
0.9999999999999997
0.9999999999999999
0.9999999999999998
0.9999999999999993
0.9999999999999993
0.9999999999999994
1.0000000000000004
0.9999999999999976
0.9999999999999948
0.9999999999999964
1.0000000000000018
1.0000000000000022
1.0000000000000033
1.0000000000000009
0.9999999999999992
0.9999999999999991
0.9999999999999991
0.9999999999999994
1.0000000000000002
1.0000000000000004
1.0000000000000009
1.0000000000000002
1.0000000000000033
1.0000000000000047
1.0000000000000013
1.0000000000000042
0.9999999999999986
0.9999999999999986
0.9999999999999986
0.9999999999999979
1.0000000000000007
1.0000000000000004
1.0000000000000013
1.0000000000000016
1.0000000000000004
1.0
1.0
1.0
1.0000000000000027
1.0000000000000018
1.0000000000000016
1.0000000000000013
0.9999999999999363
1.0
0.9999999999999789
0.9999999999999658
1.0000000000000104
1.000000000000006
1.0000000000000087
1.0000000000000084
0.9999999999999968
0.999999999999997
0.9999999999999979
0.9999999999999988
1.0000000000000002
1.000000000000001
0.9999999999999999
1.0
0.9999999999999993
1.0
0.9999999999999998
0.9999999999999998
1.0000000000000002
1.0000000000000004
1.0000000000000004
1.0000000000000004
1.0000000000000002
0.9999999999999999
1.0000000000000004
1.0
1.0000000000000002
1.0000000000000002
1.0000000000000007
1.0000000000000004
1.0000000000000004
1.0000000000000002
1.0000000000000009
1.0000000000000009
0.9999999999999936
0.9999999999999976
0.9999999999999996
0.9999999999999994
1.000000000000008
1.0000000000000062
1.0000000000000078
1.0000000000000058
0.9999999999999365
0.9999999999999791
0.9999999999999759
0.9999999999999896
1.0000000000000069
1.0000000000000062
1.0000000000000033
1.0000000000000084
0.9999999999999974
0.9999999999999963
0.9999999999999932
0.9999999999999977
1.0000000000000013
1.000000000000001
1.0000000000000007
1.0000000000000009
1.0000000000000009
1.0
1.0
1.0000000000000002
1.0000000000000002
1.0000000000000002
0.9999999999999997
1.0000000000000002
1.0000000000000002
1.0000000000000002
1.0000000000000009
1.0000000000000002
1.0
0.9999999999999999
0.9999999999999998
0.9999999999999997
1.0
1.0000000000000004
1.0000000000000002
1.0000000000000002
0.9999999999999997
0.9999999999999996
0.9999999999999993
0.999999999999999
1.0000000000000004
1.0000000000000007
1.0000000000000009
1.0000000000000004
0.999999999999998
1.0000000000000029
0.9999999999999996
0.9999999999999992
1.0000000000000002
1.0
0.9999999999999996
0.9999999999999998
1.0000000000000002
1.0000000000000002
1.0000000000000007
1.0000000000000002
1.000000000000001
1.0000000000000007
1.0000000000000009
1.000000000000002
0.9999999999999982
0.9999999999999993
0.9999999999999994
0.9999999999999991
0.9999999999999997
0.9999999999999987
0.9999999999999982
0.9999999999999998
0.9999999999999997
0.9999999999999996
0.9999999999999999
0.9999999999999998
1.0000000000000016
1.0000000000000004
1.0000000000000009
1.000000000000001
1.0000000000000009
1.0000000000000013
1.0000000000000016
1.0000000000000018
0.9999999999999911
0.9999999999999968
0.9999999999999987
0.9999999999999933
1.0000000000000009
1.0000000000000016
1.0000000000000016
1.0000000000000013
1.0000000000000007
1.0000000000000004
1.0000000000000004
1.0000000000000004
0.9999999999999996
0.9999999999999997
0.9999999999999994
0.9999999999999998
1.000000000000001
1.0000000000000004
1.0000000000000007
1.0000000000000007
0.9999999999999999
0.9999999999999994
0.9999999999999998
0.9999999999999999
1.0000000000000022
1.0000000000000007
1.0000000000000007
1.0000000000000013
0.9999999999999994
0.9999999999999999
0.999999999999999
0.9999999999999988
1.0000000000000002
1.0000000000000002
1.0000000000000002
1.0000000000000004
0.9999999999999994
0.9999999999999987
0.9999999999999993
0.9999999999999997
1.0000000000000018
1.0000000000000009
1.000000000000001
1.0000000000000009
0.9999999999999997
1.0
0.9999999999999999
1.0
0.9999999999999984
0.9999999999999986
0.9999999999999988
0.9999999999999974
1.0000000000000229
1.0000000000000053
1.000000000000004
1.000000000000001
0.9999999999999994
0.9999999999999994
0.9999999999999989
0.999999999999999
1.0000000000000007
1.0000000000000009
1.0000000000000007
1.0000000000000007
1.0000000000000002
0.9999999999999996
0.9999999999999998
1.0
1.0000000000000004
1.0000000000000004
1.0000000000000007
1.0000000000000007
0.9999999999999997
0.9999999999999998
0.9999999999999993
0.9999999999999991
1.0
0.9999999999999997
0.9999999999999997
0.9999999999999994
0.9999999999999997
0.9999999999999997
0.9999999999999997
0.9999999999999998
0.9999999999999993
1.0000000000000002
0.9999999999999994
0.9999999999999993
0.9999999999999992
0.9999999999999992
0.9999999999999997
0.9999999999999994
1.0000000000000013
1.000000000000001
1.0000000000000004
1.0000000000000002
1.000000000000004
1.0000000000000044
1.0000000000000009
1.0000000000000016
0.9999999999999996
0.9999999999999998
0.9999999999999997
0.9999999999999996
0.9999999999999999
0.9999999999999998
0.9999999999999998
0.9999999999999998
1.0000000000000007
1.0000000000000004
1.0000000000000004
1.0000000000000002
1.0000000000000007
1.0000000000000002
1.0
1.0000000000000002
0.9999999999999996
0.9999999999999996
0.9999999999999996
0.9999999999999996
1.0000000000000002
1.0000000000000004
1.0000000000000004
1.0000000000000007
1.0000000000000004
1.0000000000000004
1.0000000000000002
1.0000000000000004
0.9999999999999994
0.9999999999999996
1.0
1.0
0.9999999999999994
0.9999999999999989
0.9999999999999993
0.9999999999999992
1.0000000000000016
1.0000000000000022
1.0000000000000016
1.0000000000000018
0.9999999999999953
0.9999999999999964
0.9999999999999966
0.9999999999999977
1.0000000000000007
1.0000000000000013
1.0000000000000016
1.0000000000000013
0.9999999999999997
0.9999999999999994
0.9999999999999994
0.9999999999999996
0.9999999999999997
1.000000000000001
1.0000000000000004
1.0000000000000007
0.9999999999999996
0.9999999999999998
0.9999999999999996
0.9999999999999999
1.0
1.0000000000000002
1.0000000000000002
1.0
0.9999999999999992
0.9999999999999999
0.9999999999999998
0.9999999999999998
0.9999999999999998
0.9999999999999998
0.9999999999999993
0.9999999999999998
0.9999999999999996
0.9999999999999997
0.9999999999999997
0.9999999999999997
0.9999999999999993
0.9999999999999997
0.9999999999999992
0.9999999999999997
1.0
1.0
1.0
1.0
1.0000000000000029
1.0000000000000036
1.0000000000000009
1.0000000000000004
1.0000000000000004
1.0
1.0000000000000002
1.0
0.9999999999999997
0.9999999999999998
0.9999999999999997
0.9999999999999999
1.0000000000000002
1.0000000000000004
1.0000000000000002
1.0000000000000004
1.0000000000000007
1.0000000000000004
1.0000000000000002
1.0000000000000004
1.0000000000000004
1.0000000000000009
1.0000000000000004
1.0000000000000007
0.9999999999999998
0.9999999999999989
0.9999999999999998
0.9999999999999996
1.0000000000000004
1.0000000000000002
1.0000000000000007
1.0000000000000002
1.0000000000000009
1.0000000000000009
1.0000000000000007
1.0000000000000007
1.0000000000000002
1.0000000000000004
1.0000000000000004
1.0000000000000007
0.9999999999999944
0.9999999999999974
0.9999999999999966
0.9999999999999981
1.0000000000000273
1.000000000000017
1.0000000000000095
1.0000000000000189
0.9999999999999966
0.999999999999997
0.9999999999999959
0.9999999999999976
0.9999999999999989
0.9999999999999997
1.0000000000000009
1.0000000000000004
0.9999999999999993
0.9999999999999982
0.9999999999999986
0.999999999999999
0.9999999999999956
0.9999999999999987
1.0000000000000002
1.0000000000000002
0.9999999999999999
1.000000000000001
1.0
1.0
1.0000000000000002
1.0000000000000013
1.0000000000000016
1.0000000000000018
0.9999999999999877
1.0000000000000089
1.0000000000000033
1.000000000000008
0.9999999999999959
0.9999999999999962
0.9999999999999979
0.9999999999999923
1.0000000000000024
1.0000000000000009
1.0000000000000018
1.0000000000000024
0.9999999999999992
0.9999999999999986
0.999999999999999
0.9999999999999992
1.000000000000002
1.000000000000001
0.9999999999999992
0.9999999999999997
0.9999999999999999
1.0
1.0000000000000002
1.0
0.9999999999999998
0.9999999999999997
0.9999999999999997
0.9999999999999994
1.0000000000000004
1.0000000000000002
1.0000000000000002
1.0000000000000002
1.000000000000001
1.0000000000000007
1.0000000000000007
1.0000000000000004
1.0000000000000009
1.0000000000000004
1.0
0.9999999999999998
0.9999999999999993
0.999999999999999
0.9999999999999994
0.9999999999999994
0.9999999999999998
1.0000000000000002
1.0000000000000007
1.0000000000000007
1.0
1.0000000000000002
1.0000000000000002
1.0000000000000002
0.9999999999999991
0.9999999999999997
0.9999999999999998
0.9999999999999996
1.000000000000001
1.0000000000000002
1.0000000000000004
1.0000000000000002
1.0000000000000018
1.0000000000000007
1.000000000000001
1.0000000000000009
1.0000000000000002
1.0000000000000004
1.0000000000000002
1.0
0.9999999999999978
0.9999999999999978
0.9999999999999992
0.9999999999999977
1.0000000000000004
1.0000000000000009
1.0000000000000002
1.0000000000000004
0.9999999999999964
0.9999999999999987
0.9999999999999991
0.9999999999999981
1.0000000000000004
1.0000000000000004
1.0000000000000004
1.0000000000000007
1.0000000000000007
1.000000000000001
1.000000000000001
1.0000000000000004
0.9999999999999992
1.0000000000000009
0.9999999999999998
1.0000000000000002
1.0000000000000004
1.0000000000000007
1.000000000000001
1.0000000000000009
0.9999999999999957
0.9999999999999953
0.9999999999999951
0.9999999999999954
1.0000000000000304
1.0000000000000133
1.0000000000000198
1.000000000000023
0.9999999999999539
0.999999999999978
0.9999999999999891
0.9999999999999837
1.0000000000000033
1.0000000000000018
1.0000000000000027
1.0000000000000002
0.9999999999999993
0.9999999999999998
0.9999999999999998
0.9999999999999994
1.000000000000001
1.0000000000000009
1.000000000000001
1.0000000000000004
0.9999999999999998
1.0000000000000002
1.0
0.9999999999999998
1.0000000000000033
1.0000000000000013
1.0000000000000024
1.0000000000000007
0.9999999999999775
0.9999999999999776
1.000000000000003
1.0000000000000044
1.0
1.0000000000000002
0.9999999999999999
1.0
0.9999999999999946
0.9999999999999937
0.9999999999999943
0.9999999999999956
1.0000000000000882
0.9999999999999742
1.0000000000000446
1.0000000000000355
0.9999999999999758
1.0000000000000473
1.0000000000000322
1.000000000000012
0.9999999999999943
0.9999999999999878
0.9999999999999889
0.9999999999999911
1.0000000000000029
1.0000000000000042
1.0000000000000033
1.0000000000000027
0.9999999999999986
0.9999999999999984
0.9999999999999986
0.9999999999999988
1.0000000000000009
1.0000000000000004
1.0000000000000009
1.0000000000000009
0.9999999999999999
1.0
0.9999999999999997
0.9999999999999994
1.0000000000000022
1.0000000000000024
1.0000000000000004
1.0000000000000007
0.9999999999999977
0.9999999999999968
0.9999999999999961
0.9999999999999991
1.0000000000000007
1.0000000000000018
1.0000000000000018
1.0000000000000018
1.0000000000000007
1.000000000000001
1.0000000000000007
1.000000000000001
0.9999999999999974
0.9999999999999956
0.9999999999999953
0.9999999999999946
1.000000000000001
1.0000000000000022
1.0000000000000013
1.000000000000002
0.9999999999999989
1.0000000000000002
0.9999999999999992
0.9999999999999993
0.9999999999999978
0.9999999999999986
1.0000000000000002
1.0000000000000002
1.0000000000000018
1.0000000000000013
1.0000000000000009
1.0000000000000007
1.0
1.0
0.9999999999999999
1.0000000000000002
0.9999999999999988
0.9999999999999999
1.0000000000000004
1.0
1.0000000000000022
1.0000000000000007
1.0000000000000009
1.000000000000001
0.9999999999999992
1.0000000000000002
0.9999999999999998
0.9999999999999992
1.0
1.0000000000000002
1.0000000000000002
1.0000000000000002
1.0000000000000007
0.9999999999999997
1.0000000000000004
1.0000000000000002
1.0000000000000007
1.0000000000000007
1.0000000000000016
1.0000000000000007
0.9999999999999967
0.9999999999999996
1.0000000000000009
1.000000000000002
0.9999999999999999
1.0
1.0000000000000004
1.0000000000000002
1.0000000000000007
1.0000000000000007
1.0000000000000009
1.000000000000001
0.9999999999999962
1.0000000000000013
0.9999999999999998
0.9999999999999988
1.0000000000000107
1.000000000000004
1.0000000000000036
1.0000000000000122
0.9999999999999961
0.999999999999999
0.9999999999999973
0.9999999999999948
1.0000000000000009
1.0000000000000016
1.0000000000000009
1.0000000000000018
0.9999999999999991
0.9999999999999996
0.9999999999999998
0.9999999999999993
0.9999999999999909
1.0000000000000013
1.000000000000002
0.999999999999997
0.999999999999997
0.999999999999999
0.999999999999999
0.9999999999999996
1.0000000000000007
1.0000000000000007
1.0000000000000009
1.0000000000000009
0.9999999999999986
0.9999999999999986
0.9999999999999987
0.9999999999999993
1.0000000000000027
1.0000000000000022
1.0000000000000018
1.000000000000001
0.9999999999999993
0.9999999999999996
0.9999999999999997
0.9999999999999999
1.0000000000000024
1.0000000000000009
1.0000000000000007
1.0000000000000004
1.000000000000003
1.0000000000000013
1.000000000000002
1.0000000000000009
0.9999999999999989
1.0
1.0000000000000004
1.0000000000000009
1.0000000000000002
1.0
1.0
1.0000000000000002
1.0000000000000002
1.0
1.0
0.9999999999999999
1.0000000000000004
0.9999999999999999
0.9999999999999999
1.0000000000000002
0.9999999999999964
1.0000000000000033
1.000000000000003
1.0000000000000013
1.0000000000000042
1.0000000000000018
1.0000000000000016
1.0000000000000013
1.0000000000000016
1.000000000000002
1.000000000000002
1.0000000000000018
0.9999999999999994
0.9999999999999999
0.9999999999999999
0.9999999999999999
1.0000000000000004
1.0
1.0000000000000002
1.0000000000000002
0.999999999999997
0.9999999999999983
0.9999999999999992
0.9999999999999988
0.999999999999999
1.0000000000000016
1.0000000000000007
1.000000000000001
0.9999999999999979
0.999999999999999
1.0
0.9999999999999989
0.9999999999999994
0.9999999999999996
0.9999999999999997
0.9999999999999996
1.0000000000000004
1.0000000000000007
1.0000000000000004
1.0000000000000007
0.9999999999999989
1.0
0.9999999999999994
0.9999999999999999
1.0
1.0000000000000007
1.0000000000000002
1.0000000000000002
1.0000000000000004
1.0000000000000009
1.0
1.0000000000000004
0.9999999999999996
0.9999999999999994
1.0
0.9999999999999992
0.9999999999999999
0.9999999999999996
0.9999999999999999
0.9999999999999999
1.0000000000000018
1.000000000000002
1.0000000000000013
1.0000000000000027
0.9999999999999819
0.9999999999999898
0.9999999999999916
0.9999999999999969
1.0000000000000009
1.000000000000002
1.000000000000002
1.000000000000001
0.9999999999999999
0.9999999999999998
0.9999999999999997
1.0
0.9999999999999999
1.0000000000000002
1.0000000000000002
1.0000000000000002
0.999999999999997
0.9999999999999979
0.9999999999999994
0.9999999999999989
1.0000000000000004
1.0
0.9999999999999997
0.9999999999999999
1.0000000000000036
1.0000000000000022
1.0000000000000007
1.0000000000000009
1.0
1.0000000000000002
1.0
1.0000000000000002
0.9999999999999979
1.0
0.9999999999999991
0.9999999999999998
1.000000000000001
1.0000000000000007
1.0000000000000016
1.0000000000000007
1.0000000000000002
1.0
1.0000000000000002
1.0000000000000002
0.9999999999999993
0.9999999999999993
0.9999999999999993
0.999999999999999
0.9999999999999993
0.9999999999999994
0.9999999999999997
0.9999999999999997
1.0000000000000038
1.0000000000000033
1.0000000000000002
1.000000000000001
1.0000000000000067
1.0000000000000027
1.000000000000008
1.0000000000000069
0.9999999999999984
0.9999999999999987
0.9999999999999964
0.999999999999998
1.0000000000000007
1.0
1.0000000000000004
1.0000000000000007
1.000000000000004
1.000000000000001
1.0000000000000009
1.0000000000000022
1.0000000000000009
1.0000000000000009
1.0000000000000004
1.0000000000000027
1.0
1.0000000000000002
1.0
1.0
0.9999999999999998
0.9999999999999997
0.9999999999999992
0.9999999999999994
1.000000000000002
1.000000000000001
1.0000000000000002
1.0000000000000007
0.9999999999999981
0.999999999999999
1.0
0.999999999999999
1.0000000000000082
1.0000000000000049
1.0000000000000058
1.0000000000000029
1.0
0.9999999999999992
0.9999999999999997
0.9999999999999994
0.9999999999999996
0.9999999999999992
0.9999999999999992
0.9999999999999997
1.0
1.0000000000000002
1.0000000000000002
1.0000000000000004
0.999999999999999
0.9999999999999992
0.9999999999999992
0.9999999999999992
1.0000000000000004
1.0000000000000002
1.0000000000000004
1.0000000000000002
0.9999999999999996
0.9999999999999997
0.9999999999999998
0.9999999999999998
1.0000000000000002
1.0000000000000002
1.0000000000000007
1.0000000000000002
0.9999999999999997
0.9999999999999998
0.9999999999999994
1.0
0.9999999999999979
0.999999999999999
0.9999999999999992
0.9999999999999986
1.0000000000000007
1.0000000000000002
1.0000000000000002
1.0000000000000002
1.0000000000000002
1.0000000000000002
1.0000000000000004
1.0000000000000002
1.0000000000000009
1.0000000000000007
1.0000000000000016
1.000000000000002
0.999999999999999
0.9999999999999987
0.9999999999999987
0.9999999999999997
1.0000000000000002
1.0000000000000013
1.000000000000001
1.0
0.9999999999999998
1.0
1.0
0.9999999999999998
0.9999999999999996
1.000000000000001
0.9999999999999968
0.9999999999999972
0.9999999999999986
0.9999999999999996
0.9999999999999983
0.9999999999999997
0.999999999999998
1.0000000000000238
1.0000000000000195
1.0000000000000036
1.0000000000000018
1.0
0.9999999999999989
0.9999999999999993
1.0000000000000002
1.0000000000000009
1.000000000000001
1.000000000000001
1.0000000000000002
1.0000000000000004
1.0000000000000002
1.0000000000000002
1.0000000000000007
1.0000000000000013
1.0000000000000002
1.0
1.0000000000000009
1.0000000000000007
1.000000000000001
1.0000000000000013
0.9999999999999943
1.0000000000000013
1.0000000000000027
1.000000000000003
0.9999999999999964
0.9999999999999982
0.9999999999999971
0.999999999999997
1.0000000000000027
1.0000000000000007
1.000000000000001
1.0000000000000027
0.9999999999999993
0.9999999999999976
0.9999999999999979
0.9999999999999976
1.0000000000000002
1.0000000000000002
1.0000000000000007
1.0000000000000007
0.9999999999999994
0.9999999999999966
0.9999999999999976
0.9999999999999989
0.9999999999999989
0.9999999999999982
0.9999999999999984
0.9999999999999997
1.0000000000000007
1.0000000000000018
1.0000000000000016
1.0000000000000016
0.9999999999999997
1.0
1.0000000000000004
0.9999999999999999
1.0000000000000002
1.0000000000000002
1.0000000000000009
1.0000000000000004
1.0000000000000033
1.000000000000001
1.0000000000000018
1.0000000000000009
0.9999999999999996
0.9999999999999996
0.9999999999999994
0.9999999999999994
1.0000000000000007
1.0000000000000007
1.0000000000000007
1.0000000000000007
0.9999999999999969
0.9999999999999991
0.9999999999999996
0.999999999999999
1.0000000000000009
1.0000000000000004
1.0000000000000004
1.0000000000000004
0.9999999999999997
0.9999999999999998
0.9999999999999997
0.9999999999999997
1.0000000000000004
1.0000000000000018
1.0000000000000018
1.0000000000000007
0.9999999999999996
1.0
0.9999999999999997
0.9999999999999998
0.9999999999999999
0.9999999999999998
1.0
1.0
1.0000000000000004
1.0000000000000002
1.0
1.0000000000000002
0.9999999999999989
0.9999999999999978
0.9999999999999991
0.999999999999998
1.0000000000000002
1.0
1.0
1.0000000000000002
0.9999999999999989
0.9999999999999984
0.999999999999999
0.9999999999999994
1.000000000000002
1.000000000000002
1.0000000000000009
1.0000000000000022
0.9999999999999816
0.9999999999999379
0.9999999999999906
0.9999999999999981
1.0000000000000029
1.000000000000002
1.000000000000002
1.0000000000000027
0.9999999999999991
0.9999999999999989
0.9999999999999991
0.9999999999999993
0.9999999999999997
0.9999999999999999
1.0000000000000002
1.0
0.9999999999999992
1.0000000000000009
1.0000000000000007
0.9999999999999998
1.0000000000000138
0.9999999999999966
0.9999999999999946
0.9999999999999954
1.0000000000000013
1.0000000000000016
1.0000000000000022
1.0000000000000024
0.9999999999999984
0.9999999999999987
0.9999999999999989
0.9999999999999989
1.0000000000000002
0.9999999999999999
1.0
1.0000000000000002
0.9999999999999968
0.999999999999998
0.9999999999999988
0.999999999999999
0.9999999999999999
1.0000000000000004
1.0
0.9999999999999997
0.9999999999999999
0.9999999999999999
0.9999999999999999
0.9999999999999997
0.9999999999999998
0.9999999999999994
0.9999999999999993
0.9999999999999993
1.0000000000000013
1.000000000000002
1.0000000000000009
1.0000000000000004
0.9999999999999998
1.0
0.9999999999999996
0.9999999999999998
1.0000000000000007
1.0000000000000002
1.0000000000000007
1.0000000000000002
1.0
1.0000000000000009
1.0000000000000009
1.0000000000000007
0.9999999999999998
1.0
1.0
0.9999999999999993
1.0000000000000002
1.0000000000000004
1.0000000000000002
1.0
0.9999999999999999
0.9999999999999991
0.9999999999999998
0.9999999999999999
1.0000000000000007
0.9999999999999999
1.0000000000000002
1.0000000000000002
1.0000000000000009
0.9999999999999984
0.9999999999999992
0.9999999999999999
0.9999999999999974
0.9999999999999983
0.9999999999999971
0.9999999999999962
1.0000000000000027
1.0000000000000016
1.0000000000000022
1.0000000000000022
0.9999999999999984
0.9999999999999981
0.9999999999999984
0.9999999999999996
1.0000000000000002
1.0000000000000007
1.0000000000000004
1.0000000000000009
0.9999999999999998
0.9999999999999988
0.9999999999999994
0.9999999999999997
1.0000000000000007
1.0000000000000004
1.0000000000000009
1.0000000000000007
0.9999999999999999
0.9999999999999999
0.9999999999999996
1.0
0.9999999999999993
0.9999999999999999
0.9999999999999999
0.9999999999999997
1.0000000000000036
1.0000000000000036
1.000000000000001
1.0000000000000002
0.999999999999999
0.9999999999999988
0.9999999999999991
0.9999999999999994
1.0000000000000007
1.0000000000000007
1.0000000000000007
1.0000000000000004
0.9999999999999994
0.9999999999999993
0.9999999999999998
0.9999999999999994
0.9999999999999994
0.999999999999999
0.9999999999999987
0.9999999999999991
1.0000000000000013
1.0000000000000029
1.0000000000000009
1.0
0.9999999999999993
0.9999999999999999
0.9999999999999997
1.0
0.9999999999999998
1.0000000000000002
1.0
1.0
0.9999999999999997
0.9999999999999993
0.9999999999999993
0.9999999999999999
1.0000000000000073
1.0000000000000053
1.000000000000004
1.0000000000000044
0.9999999999999988
0.9999999999999993
0.9999999999999983
0.999999999999999
1.0000000000000024
1.0000000000000016
1.0000000000000027
1.0000000000000029
1.000000000000017
0.9999999999999826
0.9999999999999869
0.9999999999999908
1.0000000000000033
1.0000000000000042
1.0000000000000016
1.0000000000000024
0.9999999999999993
0.9999999999999992
0.9999999999999991
0.9999999999999991
0.9999999999999972
1.0000000000000027
1.0000000000000038
1.0000000000000009
0.9999999999999987
1.0
0.999999999999998
0.9999999999999982
0.9999999999999931
1.0000000000000002
1.0000000000000002
1.0000000000000002
1.0000000000000004
1.0000000000000002
1.0
1.0000000000000002
1.0000000000000024
1.0000000000000009
0.9999999999999997
0.9999999999999998
1.0000000000000002
1.0
1.0000000000000002
0.9999999999999998
1.000000000000001
1.0000000000000013
1.0000000000000004
1.0000000000000004
1.0
0.9999999999999989
0.9999999999999963
0.9999999999999981
1.0000000000000004
1.0000000000000004
1.0000000000000009
1.0000000000000002
0.999999999999999
1.0
0.9999999999999991
1.000000000000001
1.0000000000000002
0.9999999999999998
1.0
0.9999999999999999
1.0
0.9999999999999993
0.9999999999999999
1.0
0.9999999999999999
0.9999999999999996
1.0
1.0000000000000002
1.0
1.0
1.0
1.0
1.0000000000000009
1.0
1.0000000000000022
1.0000000000000002
0.9999999999999993
0.9999999999999992
0.9999999999999998
0.9999999999999998
1.000000000000004
1.0000000000000053
1.0000000000000049
1.0000000000000033
0.9999999999999993
0.9999999999999991
0.9999999999999986
0.9999999999999986
1.0000000000000004
1.0
1.0000000000000013
1.0000000000000004
1.0000000000000004
1.0000000000000007
1.0000000000000013
1.0000000000000013
0.9999999999999976
0.9999999999999986
0.9999999999999986
0.9999999999999978
1.0000000000000056
1.0000000000000007
1.0000000000000009
1.0000000000000007
1.0000000000000002
1.0
1.0
1.0000000000000002
0.999999999999999
0.9999999999999993
0.9999999999999994
0.9999999999999994
1.0000000000000022
1.000000000000002
1.000000000000002
1.0000000000000013
0.9999999999999974
0.9999999999999943
0.9999999999999895
0.9999999999999909
1.0000000000000049
1.0000000000000027
1.0000000000000022
1.0000000000000024
0.999999999999999
0.9999999999999991
0.9999999999999989
0.9999999999999987
1.0000000000000004
1.0000000000000002
1.0
1.0
1.0000000000000004
1.0000000000000007
1.0
1.0000000000000002
0.9999999999999994
0.9999999999999993
0.9999999999999993
0.9999999999999988
1.0000000000000013
1.0000000000000016
1.0000000000000016
1.000000000000001
1.0
0.9999999999999956
0.9999999999999951
0.9999999999999926
1.0000000000000013
1.0000000000000024
1.0000000000000004
1.000000000000003
1.0000000000000022
1.000000000000002
1.0000000000000073
1.0000000000000153
0.9999999999996897
1.0000000000003495
0.9999999999998639
0.9999999999998663
1.000000000000025
1.0000000000000813
1.000000000000011
1.0000000000000222
0.9999999999999944
0.9999999999999933
0.9999999999999957
0.9999999999999963
1.0000000000000009
1.0000000000000009
1.0000000000000007
1.0000000000000007
1.0
0.9999999999999993
0.9999999999999991
0.9999999999999991
1.0000000000000007
1.0000000000000002
1.0000000000000004
1.0000000000000007
0.9999999999999996
0.9999999999999997
0.9999999999999997
0.9999999999999998
1.0000000000000016
1.0000000000000016
1.0000000000000018
1.000000000000002
0.9999999999999938
0.9999999999999916
0.9999999999999959
0.9999999999999982
1.0000000000000002
0.9999999999999999
0.9999999999999998
0.9999999999999998
0.9999999999999993
0.9999999999999996
0.9999999999999993
0.9999999999999993
1.0000000000000013
1.0000000000000013
1.0
1.0
0.9999999999999996
1.0000000000000002
0.9999999999999984
0.9999999999999984
0.999999999999999
1.000000000000001
1.0000000000000002
1.0000000000000009
0.9999999999999992
0.9999999999999997
0.9999999999999994
0.9999999999999992
1.0000000000000058
1.000000000000002
1.000000000000001
1.0000000000000056
0.9999999999999987
0.9999999999999981
0.9999999999999982
0.9999999999999979
1.0000000000000004
0.9999999999999998
1.0000000000000002
1.0000000000000004
1.0000000000000002
1.0000000000000007
1.0000000000000009
1.0000000000000007
1.0000000000000002
0.9999999999999999
0.9999999999999999
0.9999999999999998
1.0000000000000002
0.9999999999999998
0.9999999999999998
0.9999999999999998
1.0000000000000013
1.0000000000000007
1.0000000000000009
0.9999999999999999
1.0000000000000004
1.0000000000000004
1.0000000000000004
1.0000000000000004
0.9999999999999999
1.0
1.0
0.9999999999999999
1.0000000000000002
1.0
1.0000000000000002
1.0000000000000002
0.9999999999999992
1.0000000000000004
1.0000000000000002
1.0
0.9999999999999961
0.9999999999999996
1.0
1.0000000000000004
1.0000000000000002
1.0
1.0
0.9999999999999997
0.9999999999999994
1.0000000000000002
1.0
1.0
1.0
0.9999999999999998
0.9999999999999997
0.9999999999999997
0.9999999999999996
0.9999999999999996
0.9999999999999994
0.9999999999999998
0.9999999999999998
0.9999999999999998
1.0
1.0000000000000004
1.000000000000005
0.9999999999999994
0.9999999999999982
0.9999999999999997
0.9999999999999994
0.999999999999999
1.0000000000000002
1.0
0.9999999999999998
1.0
0.9999999999999999
0.9999999999999982
1.0000000000000002
0.9999999999999998
0.9999999999999998
1.0000000000000004
0.9999999999999999
0.9999999999999999
1.0
0.9999999999999997
1.000000000000011
1.000000000000012
1.0000000000000078
1.0000000000000084
1.0000000000000078
1.0000000000000044
1.000000000000012
1.0000000000000053
1.0000000000000056
0.9999999999999961
0.9999999999999978
0.9999999999999983
1.0000000000000004
1.0000000000000002
1.0
0.9999999999999998
0.9999999999999976
0.9999999999999951
0.9999999999999981
0.9999999999999971
1.000000000000034
1.0000000000000224
1.0000000000000326
1.000000000000032
0.999999999999992
0.9999999999999956
0.9999999999999947
0.9999999999999881
1.0000000000000009
1.0000000000000053
1.000000000000008
1.0000000000000049
0.9999999999999991
0.9999999999999994
0.9999999999999988
0.9999999999999982
1.0000000000000004
1.0
1.0000000000000004
1.0000000000000004
0.9999999999999998
0.9999999999999996
0.9999999999999998
0.9999999999999999
0.9999999999999998
0.9999999999999994
1.0
0.9999999999999997
0.9999999999999994
0.9999999999999996
1.0
1.0
0.9999999999999989
0.9999999999999991
0.999999999999999
0.9999999999999992
0.9999999999999998
1.0000000000000002
1.0000000000000004
1.0000000000000007
1.000000000000004
0.9999999999999986
0.9999999999999997
1.0
1.0000000000000002
1.0
1.0000000000000002
1.0
0.9999999999999993
0.9999999999999996
0.9999999999999998
0.9999999999999999
0.9999999999999993
0.9999999999999993
0.9999999999999996
0.9999999999999994
1.0000000000000027
1.0000000000000002
1.0000000000000002
1.0
1.0000000000000004
1.000000000000001
1.0000000000000016
1.0000000000000004
0.999999999999999
0.9999999999999991
0.9999999999999994
0.9999999999999988
1.0000000000000033
1.0
1.0000000000000056
1.0000000000000075
0.9999999999999988
0.9999999999999984
0.9999999999999987
0.9999999999999972
1.0000000000000016
1.000000000000002
1.0000000000000024
1.0000000000000009
1.0000000000000007
1.0000000000000004
1.0000000000000009
1.0000000000000002
0.9999999999999991
0.9999999999999993
0.9999999999999989
0.9999999999999998
0.9999999999999997
0.9999999999999997
0.9999999999999992
0.9999999999999996
1.0000000000000002
0.9999999999999999
0.9999999999999998
0.9999999999999999
0.9999999999999994
0.9999999999999986
0.9999999999999984
0.999999999999998
1.0000000000000002
1.0000000000000004
1.0
1.0000000000000002
0.9999999999999993
0.9999999999999998
0.9999999999999988
0.9999999999999998
1.0000000000000009
1.0000000000000013
1.0000000000000013
1.0000000000000007
0.9999999999999991
0.9999999999999991
0.999999999999999
0.9999999999999993
1.0000000000000002
1.0000000000000002
1.0000000000000002
1.0000000000000002
1.0
1.0000000000000004
1.0
1.0000000000000002
1.0000000000000004
1.0000000000000004
1.0000000000000004
1.0000000000000004
1.0000000000000004
1.0000000000000007
1.0000000000000002
1.0000000000000009
0.9999999999999993
0.9999999999999972
0.9999999999999957
0.9999999999999972
1.0000000000000213
1.0000000000000266
1.0000000000000033
1.0000000000000238
0.9999999999999956
0.9999999999999923
0.9999999999999925
0.9999999999999911
1.0000000000000027
1.0000000000000027
1.000000000000001
1.0000000000000018
0.9999999999999991
0.9999999999999992
0.9999999999999991
0.9999999999999991
1.0000000000000002
1.0000000000000002
1.0
1.0
0.9999999999999998
0.9999999999999994
0.9999999999999993
0.9999999999999991
1.0000000000000002
1.0000000000000013
1.0000000000000002
1.0000000000000007
1.0000000000000038
1.0000000000000024
1.0000000000000022
1.0000000000000013
1.0000000000000013
1.0000000000000004
1.0000000000000002
1.0
0.9999999999999996
0.9999999999999993
0.9999999999999992
0.9999999999999994
1.0000000000000007
0.999999999999999
1.000000000000001
1.000000000000001
0.9999999999999991
0.999999999999999
0.999999999999999
0.9999999999999977
1.0
1.0000000000000004
1.0000000000000013
1.0000000000000004
1.0000000000000013
1.0000000000000007
1.0000000000000018
1.0000000000000016
0.9999999999999987
0.999999999999999
0.9999999999999993
0.9999999999999993
0.9999999999999999
1.0
0.9999999999999998
0.9999999999999993
1.0000000000000036
1.0000000000000013
1.0
0.9999999999999999
1.0000000000000002
0.9999999999999999
1.0000000000000002
1.0
1.0
0.9999999999999999
1.0
0.9999999999999999
0.9999999999999992
0.9999999999999997
0.999999999999999
0.9999999999999997
1.000000000000002
1.000000000000001
1.000000000000001
1.0
