4.133321275316054e-14
1.0
1.0
1.0
1.0000000000000002
0.9999999999999999
0.9999999999999996
0.9999999999999996
0.9999999999999992
1.0000000000000002
1.0000000000000007
1.0000000000000007
1.0000000000000007
0.9999999999999991
0.9999999999999991
0.9999999999999982
0.9999999999999981
1.0000000000000004
1.0000000000000018
1.000000000000002
1.0000000000000009
0.9999999999999991
0.9999999999999998
0.9999999999999994
0.999999999999999
1.0000000000000016
0.9999999999999999
1.0000000000000004
1.0000000000000002
1.0000000000000067
1.0000000000000042
1.0000000000000042
1.0000000000000053
0.9999999999999962
0.9999999999999959
0.9999999999999939
0.9999999999999949
1.0000000000000033
1.0000000000000022
1.0000000000000016
1.0000000000000022
0.9999999999999994
0.9999999999999999
0.9999999999999998
0.9999999999999998
0.9999999999999998
1.0
1.0000000000000002
1.0
1.0000000000000007
1.0000000000000007
1.0000000000000004
1.0000000000000004
0.9999999999999998
0.9999999999999992
0.9999999999999991
0.9999999999999999
0.9999999999999998
0.9999999999999999
0.9999999999999997
0.9999999999999997
1.0000000000000004
1.0000000000000009
1.0000000000000004
1.0000000000000004
0.9999999999999991
0.9999999999999998
0.9999999999999996
0.9999999999999998
1.0000000000000007
1.0000000000000004
1.0000000000000007
1.0000000000000016
1.000000000000002
1.0000000000000047
1.000000000000002
1.0000000000000016
0.9999999999999997
0.9999999999999989
0.9999999999999993
0.9999999999999997
0.9999999999999978
0.9999999999999969
0.9999999999999982
0.9999999999999981
1.0000000000000002
1.0000000000000002
1.0000000000000002
1.0
0.9999999999999966
0.9999999999999949
0.9999999999999993
0.9999999999999963
1.0000000000000002
1.0000000000000009
1.0000000000000002
1.0000000000000007
0.9999999999999988
0.9999999999999989
0.9999999999999992
0.9999999999999991
1.000000000000009
1.0000000000000042
1.0000000000000102
1.0000000000000069
1.0000000000000124
1.0000000000000175
1.0000000000000249
0.9999999999999998
1.0000000000000033
1.0000000000000024
1.0000000000000018
1.0000000000000036
0.9999999999999999
0.9999999999999999
1.0000000000000002
1.0000000000000002
0.9999999999999999
0.9999999999999996
0.9999999999999993
0.9999999999999992
1.0000000000000004
1.0000000000000007
1.0000000000000009
1.0000000000000004
0.9999999999999993
1.0000000000000018
1.0000000000000007
0.9999999999999999
1.0000000000000002
1.0
1.0000000000000002
1.0
1.0000000000000004
1.0000000000000009
1.000000000000001
1.0000000000000009
0.9999999999999946
0.9999999999999905
0.9999999999999942
0.9999999999999967
1.0000000000000016
1.0000000000000002
0.9999999999999999
1.0
0.9999999999999998
1.0
0.9999999999999999
0.9999999999999999
0.9999999999999998
1.0000000000000007
1.0000000000000007
1.0000000000000004
0.9999999999999988
0.9999999999999977
0.9999999999999974
0.9999999999999989
1.0000000000000018
1.000000000000004
1.0000000000000013
1.0000000000000038
0.9999999999999998
0.9999999999999997
0.9999999999999998
0.9999999999999996
1.0
1.0
1.0000000000000002
0.9999999999999996
1.0000000000000009
1.0000000000000007
1.0000000000000016
1.0000000000000007
0.9999999999999959
0.9999999999999966
0.9999999999999981
0.9999999999999972
0.9999999999999996
1.0000000000000009
1.0000000000000007
1.0000000000000013
1.000000000000001
1.0000000000000016
1.000000000000001
1.0000000000000009
0.9999999999999968
0.9999999999999966
0.9999999999999972
0.9999999999999981
1.0000000000000029
1.000000000000003
1.0000000000000016
1.0000000000000036
0.9999999999999991
0.9999999999999872
0.9999999999999793
0.9999999999999898
1.0000000000000067
1.000000000000005
1.0000000000000118
1.0000000000000104
0.9999999999999801
0.9999999999999888
0.9999999999999908
0.9999999999999883
1.0000000000000024
1.0000000000000038
1.0000000000000036
1.0000000000000027
1.0
0.9999999999999999
0.9999999999999996
1.0
1.0000000000000007
1.0000000000000004
1.0000000000000016
1.0000000000000002
0.9999999999999997
0.9999999999999998
0.999999999999999
0.9999999999999994
1.0000000000000004
1.0000000000000024
1.0000000000000022
0.9999999999999999
1.000000000000004
1.0000000000000056
1.0000000000000062
1.000000000000005
1.0000000000000353
0.9999999999999704
0.999999999999937
0.9999999999999655
1.0000000000000133
1.0000000000000122
1.0000000000000089
1.0000000000000084
0.9999999999999972
0.9999999999999974
0.9999999999999988
0.9999999999999983
1.0000000000000007
1.0000000000000007
1.0000000000000009
1.0000000000000009
0.9999999999999992
0.9999999999999996
0.9999999999999999
0.999999999999999
1.0
1.0000000000000022
0.9999999999999981
0.9999999999999982
1.0000000000000007
1.0000000000000007
1.0000000000000007
1.0000000000000007
0.9999999999999979
0.9999999999999947
0.9999999999999971
0.9999999999999971
1.0000000000000007
1.0000000000000009
1.0000000000000007
1.0000000000000009
1.0
1.0
1.0000000000000002
1.0000000000000002
1.0
0.9999999999999998
1.0
1.0
0.9999999999999997
0.9999999999999997
0.9999999999999998
0.9999999999999997
0.9999999999999994
1.0000000000000002
0.9999999999999992
0.9999999999999999
1.0000000000000009
1.0000000000000036
1.0000000000000029
1.000000000000002
0.9999999999999998
0.9999999999999988
0.9999999999999992
0.999999999999999
1.0000000000000002
1.0000000000000002
1.0000000000000004
1.0
0.9999999999999997
1.0000000000000002
0.9999999999999998
0.9999999999999998
0.9999999999999993
0.9999999999999992
0.9999999999999989
0.9999999999999994
1.0000000000000007
1.0000000000000009
1.0000000000000013
1.0000000000000013
1.000000000000001
1.0000000000000004
1.0000000000000002
1.0000000000000007
1.0000000000000007
1.0000000000000009
1.0000000000000007
1.0000000000000004
1.0000000000000002
1.0
1.0000000000000002
1.0000000000000002
0.9999999999999992
0.9999999999999997
0.9999999999999992
0.9999999999999996
1.0000000000000007
1.000000000000002
1.000000000000001
1.000000000000001
1.0000000000000004
0.9999999999999998
0.9999999999999991
0.9999999999999988
1.0000000000000004
1.0000000000000004
1.0000000000000004
1.0000000000000016
0.9999999999999999
0.9999999999999991
0.9999999999999992
0.9999999999999997
1.000000000000001
1.0000000000000022
1.0000000000000018
1.000000000000002
1.0000000000000027
1.0000000000000004
1.0000000000000027
1.0000000000000007
0.999999999999999
0.999999999999999
0.999999999999999
0.9999999999999987
1.0000000000000204
1.000000000000002
1.0000000000000044
1.000000000000013
0.9999999999999973
0.9999999999999987
0.9999999999999984
0.9999999999999976
1.0000000000000007
1.0000000000000002
1.0
1.0000000000000002
0.9999999999999986
0.9999999999999986
0.9999999999999992
0.9999999999999986
1.0000000000000002
0.9999999999999994
0.9999999999999998
0.9999999999999992
1.0000000000000004
1.000000000000002
1.0000000000000007
1.0000000000000007
0.9999999999999998
0.9999999999999994
1.0000000000000002
1.0000000000000004
0.9999999999999992
0.9999999999999996
0.9999999999999997
0.9999999999999992
1.0000000000000004
1.0000000000000009
1.0000000000000004
1.0000000000000002
0.9999999999999979
0.9999999999999998
0.9999999999999993
0.9999999999999996
1.0000000000000004
1.0000000000000004
1.000000000000002
1.0000000000000016
0.9999999999999977
0.9999999999999992
0.9999999999999988
0.9999999999999984
1.0000000000000013
1.0000000000000016
1.0000000000000016
1.0000000000000024
0.9999999999999977
0.9999999999999977
0.9999999999999973
0.9999999999999973
1.0000000000000044
1.0000000000000087
1.0000000000000138
1.0000000000000002
0.9999999999999993
1.0
1.0
0.9999999999999993
1.000000000000002
1.0000000000000029
1.0000000000000024
1.0000000000000009
0.9999999999999992
0.9999999999999993
0.9999999999999991
0.9999999999999991
1.0000000000000013
1.000000000000001
1.0000000000000009
1.000000000000001
0.9999999999999976
0.9999999999999994
0.9999999999999986
0.9999999999999978
1.0000000000000007
0.9999999999999999
0.9999999999999997
0.9999999999999996
1.0000000000000013
1.000000000000001
1.000000000000001
1.0000000000000004
0.9999999999999996
1.0
1.0000000000000002
0.9999999999999992
1.0000000000000036
0.9999999999999973
0.9999999999999984
0.9999999999999994
1.0000000000000004
0.9999999999999991
0.9999999999999998
0.9999999999999993
1.000000000000009
1.0000000000000004
1.0
0.9999999999999994
1.0
0.9999999999999999
0.9999999999999993
0.9999999999999997
0.9999999999999998
0.9999999999999993
1.0
0.9999999999999998
0.9999999999999998
1.0
0.9999999999999998
0.9999999999999996
1.0000000000000004
1.0000000000000007
1.0000000000000004
1.0000000000000002
1.0
1.0000000000000002
1.0000000000000002
1.0000000000000002
0.9999999999999993
0.9999999999999994
0.9999999999999994
0.9999999999999992
1.0
1.0000000000000002
1.0
0.9999999999999999
1.0000000000000036
0.9999999999999994
1.000000000000002
1.000000000000001
0.9999999999999991
0.9999999999999991
0.9999999999999996
0.9999999999999992
0.9999999999999994
0.9999999999999992
0.9999999999999994
0.9999999999999996
1.0000000000000004
1.0000000000000027
1.0000000000000018
1.000000000000001
0.9999999999999997
0.9999999999999993
0.9999999999999996
0.9999999999999996
1.0000000000000004
1.0000000000000004
1.0
1.0000000000000002
1.0000000000000004
1.0000000000000004
1.0000000000000002
1.0000000000000004
1.0000000000000004
1.000000000000001
1.0000000000000002
1.0
1.0000000000000004
1.0000000000000004
1.0000000000000007
1.0000000000000007
1.0000000000000002
1.0000000000000007
1.0000000000000004
1.0000000000000007
0.9999999999999981
1.0000000000000018
1.0000000000000007
1.0000000000000009
0.9999999999999994
0.9999999999999993
0.9999999999999998
0.9999999999999997
0.999999999999999
0.999999999999999
0.9999999999999967
0.9999999999999989
1.0000000000000033
1.000000000000003
1.0000000000000027
1.0000000000000013
0.9999999999999923
0.9999999999999885
0.9999999999999903
0.9999999999999891
1.0000000000000049
1.0000000000000024
1.0000000000000036
1.0000000000000047
0.9999999999999989
0.9999999999999984
0.9999999999999988
0.9999999999999992
1.0000000000000009
1.000000000000001
1.0000000000000009
1.0000000000000007
0.9999999999999937
0.9999999999999946
0.9999999999999963
0.9999999999999954
1.0000000000000162
1.0000000000000242
1.0000000000000073
1.0000000000000158
0.9999999999999981
0.9999999999999973
0.9999999999999969
0.999999999999998
1.000000000000001
1.0000000000000007
1.0000000000000007
1.000000000000001
0.9999999999999997
0.9999999999999994
0.9999999999999998
1.0
1.0
0.9999999999999997
1.0
0.9999999999999999
1.0000000000000007
1.0000000000000002
1.0000000000000007
1.0000000000000004
1.0000000000000002
1.0
1.0000000000000002
1.0000000000000002
1.0000000000000002
1.0000000000000002
1.0000000000000002
1.0000000000000002
0.9999999999999998
1.0
1.0
1.0
0.9999999999999983
0.9999999999999974
0.9999999999999946
1.0000000000000002
1.0000000000000007
1.000000000000001
1.0000000000000007
1.0000000000000007
1.0000000000000016
1.0000000000000029
1.000000000000001
1.0000000000000033
0.9999999999999997
0.9999999999999993
0.9999999999999981
0.9999999999999993
1.0000000000000009
1.0
1.000000000000001
1.0000000000000016
0.9999999999999993
0.9999999999999994
0.9999999999999996
0.9999999999999997
0.9999999999999988
1.0000000000000007
1.0000000000000024
1.0000000000000027
0.9999999999999997
0.9999999999999992
0.9999999999999992
0.9999999999999996
0.9999999999999988
1.0
0.9999999999999993
0.9999999999999991
0.9999999999999956
0.9999999999999991
0.9999999999999971
0.9999999999999983
1.0000000000000009
1.0000000000000009
1.0000000000000016
1.000000000000002
0.9999999999999997
0.9999999999999988
0.9999999999999998
0.9999999999999997
0.9999999999999994
0.9999999999999996
1.0
0.9999999999999997
1.0000000000000038
1.0000000000000022
1.0000000000000022
1.0000000000000022
0.9999999999999997
0.9999999999999997
0.9999999999999996
0.9999999999999993
1.0000000000000018
1.0000000000000004
1.0000000000000002
1.0000000000000007
0.999999999999999
0.9999999999999997
0.9999999999999992
0.9999999999999994
1.0000000000000002
1.000000000000001
1.0000000000000002
1.0000000000000007
1.0000000000000002
1.0
1.0000000000000002
1.0
1.000000000000001
1.000000000000001
1.0000000000000002
1.0000000000000002
1.0000000000000024
1.000000000000001
1.0000000000000009
1.0000000000000018
1.0000000000000007
1.0000000000000007
1.0000000000000004
1.0
1.0
1.0000000000000002
0.9999999999999998
0.9999999999999997
1.0
1.0
0.9999999999999998
0.9999999999999998
1.0000000000000002
1.0000000000000002
1.0
1.0000000000000002
1.0000000000000007
1.0000000000000004
1.0000000000000002
1.0000000000000004
0.9999999999999997
0.9999999999999997
0.9999999999999994
0.9999999999999997
1.0000000000000007
1.0000000000000004
1.0000000000000013
1.0000000000000013
0.9999999999999998
0.9999999999999999
1.0
0.9999999999999998
1.0
1.0000000000000002
0.9999999999999999
1.0000000000000002
1.0
1.0
1.0000000000000002
1.0000000000000002
1.0
0.9999999999999996
1.0000000000000004
0.9999999999999998
0.9999999999999997
1.0
1.0000000000000002
1.0
1.0
0.9999999999999999
1.0
1.0
1.000000000000003
1.000000000000002
1.000000000000001
1.0000000000000004
1.0000000000000004
1.0000000000000004
1.0000000000000004
1.0000000000000002
1.0000000000000002
0.9999999999999976
0.9999999999999994
0.9999999999999986
1.0
0.9999999999999999
1.0000000000000002
1.0000000000000002
0.9999999999999982
0.9999999999999969
0.999999999999999
0.9999999999999988
1.0000000000000009
1.000000000000001
1.000000000000001
1.0000000000000013
0.9999999999999998
0.9999999999999994
1.0
0.9999999999999997
1.0000000000000002
1.0000000000000002
1.0
1.0000000000000002
0.9999999999999996
0.9999999999999997
0.9999999999999988
0.9999999999999989
1.000000000000002
1.0000000000000009
1.0000000000000007
1.000000000000001
0.9999999999999997
0.9999999999999996
0.9999999999999998
0.9999999999999994
1.0
0.9999999999999998
0.9999999999999996
0.9999999999999998
1.0000000000000002
1.0000000000000002
0.9999999999999999
1.0
1.0
0.9999999999999999
1.0000000000000002
1.0000000000000002
1.0000000000000009
1.0000000000000004
1.0000000000000007
1.0000000000000004
0.9999999999999997
1.0000000000000002
0.999999999999999
0.9999999999999993
0.9999999999999992
0.9999999999999996
0.9999999999999996
0.9999999999999994
1.0000000000000018
1.000000000000001
1.0000000000000022
1.0000000000000013
0.9999999999999992
1.0000000000000007
0.9999999999999991
0.9999999999999992
0.9999999999999986
1.0000000000000033
1.0
1.000000000000009
0.9999999999999982
0.9999999999999972
0.9999999999999982
0.9999999999999947
1.0000000000000029
1.0000000000000024
1.0000000000000004
1.0000000000000013
0.9999999999999997
1.0
0.9999999999999991
0.999999999999999
1.0000000000000016
1.000000000000001
1.0000000000000002
1.0000000000000009
1.0
1.0000000000000016
1.0000000000000004
1.0000000000000013
1.0000000000000038
1.0000000000000027
1.0000000000000027
1.0000000000000022
0.9999999999999759
0.9999999999999691
0.9999999999999835
0.9999999999999836
1.0000000000000078
1.000000000000006
1.000000000000002
1.0000000000000078
1.0000000000000024
0.9999999999999997
0.9999999999999988
0.9999999999999986
0.9999999999999992
1.0000000000000013
1.0000000000000013
1.0000000000000016
0.9999999999999991
0.9999999999999986
0.9999999999999988
0.9999999999999988
0.9999999999999999
1.0
1.0
0.9999999999999999
1.0
0.9999999999999999
0.9999999999999991
0.9999999999999991
1.0000000000000007
1.0000000000000002
1.0000000000000002
1.0000000000000004
1.0000000000000004
1.0000000000000009
1.0000000000000007
0.9999999999999998
1.0000000000000018
1.0000000000000016
1.0000000000000002
0.9999999999999998
1.0000000000000142
1.0000000000000082
1.0000000000000022
1.0000000000000107
1.000000000000001
0.9999999999999992
0.9999999999999983
0.9999999999999988
1.0000000000000002
1.000000000000001
1.0000000000000004
1.0000000000000007
0.9999999999999988
0.9999999999999983
0.9999999999999997
0.9999999999999996
1.0000000000000013
1.0000000000000004
1.0000000000000007
1.0000000000000009
1.0000000000000002
1.0000000000000002
0.9999999999999999
0.9999999999999999
1.0000000000000029
1.0000000000000036
1.000000000000002
1.0000000000000033
0.9999999999999714
0.9999999999999951
0.9999999999999898
0.9999999999999958
1.0000000000000009
1.0000000000000016
1.0000000000000016
1.0000000000000013
0.9999999999999997
0.999999999999999
0.9999999999999993
0.9999999999999989
1.0000000000000007
1.0000000000000002
1.0000000000000007
1.0000000000000007
0.999999999999998
0.9999999999999994
0.9999999999999996
0.9999999999999998
1.0000000000000002
0.9999999999999999
1.0
0.9999999999999998
1.0000000000000004
1.0000000000000009
1.0000000000000007
1.0000000000000007
0.999999999999999
0.9999999999999982
0.9999999999999984
0.9999999999999979
1.0000000000000058
0.9999999999999979
1.000000000000001
1.000000000000007
0.9999999999999971
0.9999999999999952
0.9999999999999963
0.9999999999999979
1.0000000000000113
1.000000000000006
1.0000000000000138
1.0000000000000198
0.9999999999999977
0.9999999999999968
0.9999999999999973
0.9999999999999971
0.9999999999999986
0.9999999999999991
0.999999999999998
0.9999999999999986
1.0000000000000007
1.0000000000000004
1.0000000000000004
1.0000000000000007
1.0000000000000002
1.0000000000000002
1.0000000000000002
1.0000000000000002
0.9999999999999998
0.9999999999999988
0.9999999999999994
0.9999999999999999
0.9999999999999937
0.9999999999999976
1.0000000000000009
1.0000000000000004
0.9999999999999999
1.0
0.9999999999999992
0.9999999999999998
1.0000000000000002
1.0000000000000007
1.000000000000001
1.0000000000000002
0.9999999999999997
0.9999999999999994
0.9999999999999996
0.9999999999999999
1.0000000000000016
1.0000000000000007
1.0000000000000013
1.0000000000000007
0.9999999999999993
1.0
1.0000000000000002
0.9999999999999998
0.9999999999999998
1.000000000000001
0.9999999999999998
1.0000000000000002
0.999999999999998
0.9999999999999979
0.9999999999999984
0.9999999999999992
0.9999999999999998
1.0000000000000009
1.000000000000001
1.0000000000000007
0.999999999999999
0.9999999999999992
0.999999999999999
0.999999999999999
0.9999999999999992
0.9999999999999998
0.9999999999999991
0.9999999999999989
0.9999999999999991
0.9999999999999987
0.9999999999999974
0.9999999999999984
1.0000000000000164
0.9999999999999908
1.0000000000000202
1.0000000000000175
0.9999999999999971
0.999999999999995
0.9999999999999943
0.9999999999999943
1.0000000000000018
1.000000000000001
1.0000000000000027
1.0000000000000029
0.9999999999999996
0.9999999999999994
0.9999999999999989
0.9999999999999989
1.0000000000000002
1.0000000000000002
1.0000000000000002
1.0000000000000004
1.0000000000000007
0.9999999999999987
0.999999999999998
0.9999999999999986
1.0000000000000004
1.0
1.0000000000000002
1.0
0.9999999999999996
0.9999999999999989
0.9999999999999999
1.0
1.0
0.9999999999999998
0.9999999999999998
0.9999999999999998
1.0000000000000004
1.000000000000001
1.0000000000000007
1.0000000000000007
0.9999999999999994
0.9999999999999997
0.9999999999999996
0.9999999999999998
1.0000000000000002
1.0
0.9999999999999998
1.0000000000000002
1.0000000000000002
0.9999999999999998
0.9999999999999998
0.9999999999999999
0.9999999999999998
1.0
0.9999999999999996
0.9999999999999998
1.0000000000000013
1.000000000000001
1.0000000000000009
1.0000000000000007
0.9999999999999993
0.9999999999999989
0.9999999999999982
0.9999999999999996
0.9999999999999997
0.9999999999999994
0.9999999999999994
0.9999999999999997
1.0000000000000016
1.0000000000000007
1.0000000000000004
1.000000000000001
1.0000000000000004
1.0000000000000004
0.9999999999999998
1.0000000000000004
1.0000000000000004
1.0000000000000004
1.0000000000000002
1.0000000000000002
1.0000000000000007
1.0000000000000004
1.0
1.0000000000000002
1.0000000000000007
1.0000000000000009
1.0000000000000002
1.0000000000000002
1.0
1.0000000000000002
1.0000000000000009
1.0000000000000007
0.9999999999999989
0.9999999999999997
0.9999999999999992
0.9999999999999993
1.0000000000000004
0.9999999999999998
1.0
1.0000000000000002
1.0000000000000024
1.000000000000002
1.000000000000002
1.0000000000000013
0.9999999999999898
0.9999999999999891
0.9999999999999939
0.9999999999999974
1.000000000000001
1.000000000000001
1.0000000000000016
1.000000000000001
1.0000000000000013
1.0000000000000009
1.0000000000000013
1.000000000000001
0.9999999999999993
0.9999999999999991
0.9999999999999997
0.9999999999999993
0.9999999999999996
0.9999999999999996
0.9999999999999996
0.9999999999999996
1.0000000000000007
1.0000000000000016
1.0000000000000007
1.000000000000001
0.9999999999999992
0.9999999999999989
0.9999999999999991
0.9999999999999991
1.0000000000000036
1.000000000000004
0.9999999999999996
1.0000000000000002
1.0000000000000009
1.0
0.9999999999999998
0.9999999999999996
1.0000000000000044
1.0000000000000018
1.000000000000001
1.0000000000000018
1.0
0.9999999999999989
0.9999999999999998
0.9999999999999999
1.0000000000000002
1.0000000000000004
1.0000000000000002
1.0
1.0000000000000002
1.0
1.0000000000000004
1.0000000000000004
0.999999999999999
0.9999999999999991
0.9999999999999993
0.9999999999999993
1.0000000000000067
1.0000000000000013
1.0000000000000004
1.0000000000000004
1.0000000000000009
0.9999999999999989
0.9999999999999982
0.9999999999999989
0.9999999999999893
1.0000000000000087
1.000000000000001
1.000000000000008
0.999999999999998
0.9999999999999979
0.9999999999999991
0.9999999999999969
1.0000000000000007
1.000000000000001
1.0
1.0000000000000009
0.999999999999998
0.9999999999999967
0.9999999999999972
0.9999999999999969
1.0
1.0000000000000007
0.9999999999999991
1.0000000000000002
0.9999999999999998
0.9999999999999996
0.9999999999999997
0.9999999999999997
0.9999999999999992
0.9999999999999991
0.9999999999999994
0.999999999999999
1.0000000000000036
1.0000000000000056
1.0000000000000049
1.0000000000000038
0.9999999999999982
0.9999999999999989
0.9999999999999989
0.9999999999999992
1.0000000000000004
1.0000000000000016
1.0000000000000002
1.0000000000000004
0.9999999999999981
0.9999999999999969
0.9999999999999967
0.999999999999998
1.0000000000000016
1.000000000000002
1.0000000000000022
1.0000000000000016
0.9999999999999997
0.9999999999999991
0.9999999999999993
0.9999999999999992
1.0000000000000002
1.0000000000000002
1.0000000000000009
1.0000000000000004
0.9999999999999996
0.9999999999999993
0.9999999999999989
0.9999999999999999
1.0000000000000033
1.000000000000001
1.0000000000000002
1.0000000000000002
0.9999999999999989
0.9999999999999982
0.9999999999999989
0.9999999999999987
1.0000000000000093
1.0000000000000018
1.000000000000004
1.000000000000007
0.9999999999999964
0.9999999999999987
0.9999999999999982
0.9999999999999986
1.0000000000000004
1.0000000000000007
1.0
1.0000000000000004
0.9999999999999971
1.0000000000000002
1.0
0.9999999999999992
1.0000000000000024
1.0000000000000033
1.0000000000000018
1.0000000000000016
0.9999999999999988
0.9999999999999996
0.9999999999999989
0.9999999999999987
1.0000000000000064
1.0000000000000042
1.0000000000000047
1.0000000000000075
0.9999999999999976
0.999999999999997
0.9999999999999987
0.9999999999999972
0.9999999999999998
0.9999999999999999
0.9999999999999999
1.0
0.999999999999989
0.9999999999999896
0.9999999999999971
0.9999999999999967
1.0000000000000004
1.0000000000000007
1.0000000000000004
1.0000000000000004
0.9999999999999991
0.9999999999999997
0.9999999999999992
0.9999999999999992
1.000000000000001
1.0000000000000004
0.9999999999999998
0.9999999999999996
1.0000000000000235
1.000000000000016
1.0000000000000142
1.0000000000000155
0.9999999999999928
0.9999999999999931
0.999999999999993
0.9999999999999951
1.000000000000001
1.0000000000000007
1.0000000000000007
1.0000000000000013
1.0000000000000007
1.0000000000000002
1.0000000000000004
1.0000000000000004
1.0000000000000004
1.0000000000000007
1.0000000000000007
1.0000000000000004
1.0000000000000002
1.0000000000000004
1.0000000000000002
1.0000000000000002
1.0000000000000002
0.9999999999999998
0.9999999999999998
0.9999999999999997
0.9999999999999994
0.9999999999999997
0.9999999999999994
0.9999999999999998
1.0000000000000007
1.0000000000000004
1.0000000000000007
1.0000000000000007
1.0000000000000002
0.9999999999999996
1.0000000000000002
1.0000000000000002
1.0
0.9999999999999996
0.9999999999999999
0.9999999999999999
0.9999999999999997
1.0000000000000002
1.0000000000000002
1.0000000000000002
0.9999999999999987
0.9999999999999987
0.9999999999999997
0.9999999999999996
0.9999999999999998
0.9999999999999997
0.9999999999999997
0.9999999999999999
0.9999999999999992
0.9999999999999988
0.9999999999999988
0.9999999999999986
1.0000000000000002
1.0000000000000002
1.0000000000000002
1.0
1.0000000000000004
1.0
1.0000000000000004
1.0000000000000004
1.0000000000000002
0.9999999999999998
1.0
0.9999999999999997
1.0000000000000007
1.0000000000000013
1.0000000000000009
1.0000000000000007
0.9999999999999996
0.9999999999999992
0.9999999999999994
0.9999999999999994
0.9999999999999989
0.999999999999997
0.9999999999999978
0.999999999999997
1.000000000000001
1.0000000000000007
1.0000000000000007
1.0000000000000009
1.0000000000000009
1.0000000000000007
1.0000000000000002
0.9999999999999998
1.0000000000000002
1.0000000000000002
1.0000000000000007
1.0000000000000004
1.0000000000000016
1.0000000000000002
0.9999999999999999
1.0000000000000007
1.0000000000000007
1.0000000000000009
1.0000000000000009
1.0000000000000007
0.999999999999998
0.9999999999999991
0.9999999999999993
0.9999999999999994
1.0000000000000013
1.0000000000000018
1.000000000000001
1.0000000000000007
0.9999999999999998
1.0
1.0
0.9999999999999999
1.0
0.9999999999999996
1.0
1.0
0.9999999999999989
0.9999999999999989
0.9999999999999994
0.9999999999999992
1.0000000000000004
1.0000000000000004
1.0
0.9999999999999993
1.0000000000000084
1.000000000000004
1.000000000000002
0.9999999999999996
1.0
1.0000000000000004
1.0000000000000007
1.0000000000000002
0.9999999999999992
0.9999999999999969
0.9999999999999986
1.0
1.0000000000000002
0.9999999999999997
1.0000000000000007
1.0
1.0
1.0
1.0
1.0000000000000002
0.9999999999999989
0.9999999999999959
0.9999999999999984
0.9999999999999986
1.0000000000000004
1.0000000000000007
1.000000000000001
1.0000000000000013
0.9999999999999999
0.999999999999992
0.9999999999999939
0.9999999999999971
1.0000000000000018
1.0000000000000018
1.000000000000001
1.000000000000002
1.0000000000000002
1.0000000000000002
0.9999999999999999
1.0
1.0000000000000002
1.0000000000000009
1.000000000000002
1.0000000000000013
0.9999999999999981
0.9999999999999978
0.9999999999999996
0.9999999999999997
0.9999999999999986
0.9999999999999994
0.9999999999999999
0.9999999999999993
1.0000000000000004
1.0000000000000016
1.000000000000001
1.0000000000000013
0.9999999999999899
0.9999999999999901
0.9999999999999992
0.9999999999999984
1.0000000000000024
1.0000000000000013
1.0000000000000007
1.0
1.0
0.9999999999999989
0.9999999999999998
0.9999999999999992
1.0000000000000002
1.0000000000000007
1.0000000000000004
1.0000000000000004
0.9999999999999994
0.9999999999999978
0.999999999999999
0.9999999999999994
1.0000000000000007
1.0000000000000007
1.0000000000000007
1.0000000000000009
0.9999999999999998
0.9999999999999998
1.0000000000000002
1.0
1.0000000000000002
1.0000000000000002
1.0000000000000002
1.0000000000000009
1.0000000000000007
1.0000000000000007
1.0000000000000002
1.0000000000000009
0.9999999999999952
0.9999999999999968
0.9999999999999948
0.9999999999999956
1.0000000000000466
1.0000000000000195
1.0000000000000122
1.0000000000000284
0.9999999999999891
0.999999999999989
0.9999999999999957
0.9999999999999896
1.0000000000000016
1.0000000000000013
1.000000000000002
1.0000000000000007
0.9999999999999994
0.9999999999999998
0.9999999999999997
0.9999999999999998
0.9999999999999986
0.9999999999999956
0.9999999999999942
0.9999999999999991
1.0000000000000069
1.0000000000000073
1.0000000000000113
1.0000000000000118
0.999999999999899
0.9999999999998928
0.9999999999998556
0.9999999999999416
1.0000000000005564
1.0000000000004874
1.0000000000005262
1.0000000000006433
0.9999999999996891
0.9999999999997882
0.9999999999999198
0.9999999999997964
1.0000000000000795
1.000000000000044
1.000000000000034
1.000000000000073
0.9999999999999851
0.9999999999999911
0.9999999999999872
0.9999999999999883
1.0000000000000042
1.0000000000000027
1.000000000000004
1.0000000000000049
0.9999999999999974
0.999999999999998
0.9999999999999968
0.999999999999998
1.0000000000000002
1.0000000000000007
1.0000000000000009
1.0000000000000009
1.0000000000000002
1.0000000000000004
1.0000000000000002
1.0000000000000007
0.9999999999999994
0.9999999999999997
0.9999999999999996
0.9999999999999997
1.0
1.0
1.0
1.0000000000000002
1.000000000000001
1.0000000000000004
1.0000000000000007
1.0000000000000004
1.0000000000000058
0.9999999999999996
0.9999999999999946
0.9999999999999936
1.0000000000000029
1.0000000000000016
1.0000000000000029
1.0000000000000013
1.0000000000000016
1.0000000000000009
0.9999999999999998
0.9999999999999999
1.0000000000000009
1.0000000000000009
1.0000000000000009
1.0000000000000007
0.9999999999999981
0.9999999999999983
0.9999999999999988
0.9999999999999992
1.0
1.0
1.0000000000000002
0.9999999999999999
0.9999999999999996
0.9999999999999999
0.9999999999999998
0.9999999999999996
0.9999999999999999
1.0
1.0
0.9999999999999998
1.0000000000000002
1.0
1.0000000000000002
1.0
0.9999999999999981
0.9999999999999982
1.000000000000002
1.0000000000000018
1.000000000000001
1.0000000000000007
1.0000000000000013
1.000000000000001
0.9999999999999992
0.9999999999999994
0.9999999999999998
0.9999999999999996
0.9999999999999996
0.9999999999999989
0.9999999999999994
0.9999999999999992
0.9999999999999998
0.9999999999999997
0.9999999999999994
1.0
0.9999999999999999
0.9999999999999997
0.9999999999999998
0.9999999999999999
1.0000000000000002
0.9999999999999999
1.0
1.0
1.0000000000000007
1.0000000000000007
1.0000000000000002
1.0000000000000002
0.999999999999998
0.999999999999998
0.999999999999998
0.999999999999999
0.9999999999999972
1.0000000000000004
1.0000000000000002
1.0
0.9999999999999999
1.0000000000000002
0.9999999999999994
0.9999999999999996
1.000000000000001
1.0000000000000016
1.0000000000000024
1.0
0.9999999999999993
0.9999999999999981
0.9999999999999984
0.9999999999999988
0.9999999999999999
1.0000000000000022
1.0000000000000004
1.000000000000001
1.0
1.0000000000000009
1.0000000000000004
1.0000000000000002
0.9999999999999936
0.9999999999999976
0.9999999999999972
0.9999999999999952
1.000000000000051
1.0000000000000182
1.000000000000013
1.0000000000000047
0.9999999999999971
0.9999999999999934
0.9999999999999977
0.9999999999999979
1.0000000000000027
1.0000000000000027
1.0000000000000016
1.000000000000001
0.9999999999999988
0.9999999999999992
0.9999999999999984
0.9999999999999989
1.0000000000000009
1.0000000000000007
1.0000000000000009
1.0000000000000016
0.9999999999999989
1.0000000000000009
1.0000000000000009
1.0000000000000022
0.9999999999999999
0.9999999999999996
0.9999999999999996
1.0000000000000004
1.0
1.0000000000000013
1.0000000000000013
1.0000000000000004
1.0000000000000004
1.0000000000000002
1.000000000000001
1.0000000000000004
0.9999999999999996
0.9999999999999992
0.9999999999999992
0.999999999999999
1.000000000000001
1.000000000000002
1.0000000000000009
1.0000000000000013
0.9999999999999991
0.9999999999999987
0.9999999999999998
0.9999999999999994
0.9999999999999984
0.9999999999999978
1.0000000000000013
1.000000000000003
0.9999999999999999
0.9999999999999988
1.0000000000000004
0.9999999999999986
1.0000000000000009
1.0000000000000013
1.0000000000000009
1.0000000000000013
1.0000000000000022
1.0000000000000004
1.0000000000000009
1.000000000000001
0.9999999999999994
0.9999999999999989
0.9999999999999989
0.9999999999999993
1.0000000000000016
1.0000000000000013
1.0000000000000013
1.0000000000000016
1.0
0.9999999999999997
0.9999999999999994
0.9999999999999996
0.9999999999999993
0.9999999999999996
0.9999999999999999
0.9999999999999997
1.0000000000000007
1.0000000000000007
1.0000000000000004
1.0000000000000004
1.0000000000000007
1.0000000000000002
1.0000000000000004
1.0000000000000004
0.9999999999999982
0.9999999999999993
0.9999999999999996
0.9999999999999997
1.0000000000000009
1.0000000000000013
1.000000000000001
1.0000000000000002
1.0000000000000018
1.000000000000002
1.0000000000000016
1.000000000000001
0.999999999999995
0.9999999999999977
0.9999999999999978
0.9999999999999962
1.0000000000000009
0.9999999999999992
0.9999999999999997
1.0000000000000002
1.0000000000000075
1.0000000000000102
1.0000000000000062
1.000000000000009
0.9999999999999771
0.9999999999999943
0.9999999999999888
0.9999999999999897
1.000000000000004
1.0000000000000024
1.000000000000001
1.0000000000000027
0.9999999999999957
0.9999999999999978
0.9999999999999989
0.9999999999999989
1.0000000000000124
1.0000000000000018
1.0000000000000009
1.000000000000001
0.9999999999999992
0.9999999999999992
0.9999999999999979
0.9999999999999987
1.0000000000000002
1.0000000000000009
1.0000000000000007
1.0000000000000002
0.9999999999999999
0.9999999999999998
0.9999999999999997
1.0
1.0000000000000002
1.0000000000000009
1.0000000000000002
1.0
1.000000000000002
1.0000000000000022
1.0000000000000007
1.0000000000000002
1.0000000000000002
1.0000000000000004
1.000000000000001
1.0000000000000009
0.9999999999999994
0.9999999999999992
0.9999999999999991
0.9999999999999994
0.9999999999999999
1.0000000000000002
1.0
1.0
1.0000000000000002
0.9999999999999999
1.0
1.0000000000000007
1.0000000000000013
1.0000000000000027
1.0000000000000018
1.0000000000000022
0.9999999999999771
0.999999999999989
0.9999999999999941
0.9999999999999941
1.0000000000000013
1.0000000000000016
1.0000000000000022
1.000000000000002
1.0000000000000009
0.9999999999999989
0.9999999999999994
0.9999999999999991
1.0
0.9999999999999998
0.9999999999999998
1.0
1.0000000000000004
1.0000000000000002
1.0000000000000002
1.0000000000000002
0.9999999999999996
0.9999999999999988
0.9999999999999978
0.9999999999999981
1.0000000000000009
1.0000000000000007
1.0000000000000007
1.0000000000000009
0.9999999999999982
0.9999999999999981
0.9999999999999986
0.9999999999999982
1.0000000000000067
1.0000000000000073
1.0000000000000044
1.0000000000000062
0.9999999999999449
0.9999999999999323
0.9999999999998639
0.9999999999999417
1.0000000000000335
1.0000000000000455
1.0000000000000493
1.000000000000041
0.999999999999984
0.9999999999999934
0.9999999999999846
0.9999999999999917
1.0000000000000009
1.0000000000000013
1.0000000000000009
1.0000000000000009
0.9999999999999999
0.9999999999999999
0.9999999999999994
0.9999999999999997
0.999999999999999
0.9999999999999991
0.9999999999999998
0.9999999999999994
0.9999999999999969
0.9999999999999989
1.0
0.9999999999999993
0.9999999999999961
0.9999999999999978
0.999999999999998
0.9999999999999989
0.9999999999999999
0.9999999999999998
1.0000000000000009
1.0000000000000007
0.9999999999999983
0.9999999999999991
0.999999999999999
0.9999999999999991
0.9999999999999997
0.9999999999999997
1.0
0.9999999999999997
1.0000000000000002
1.0000000000000004
1.0000000000000002
1.0000000000000002
0.9999999999999982
0.9999999999999989
0.9999999999999988
0.9999999999999996
1.0
1.0000000000000002
1.0000000000000004
1.0000000000000004
0.9999999999999925
0.9999999999999996
0.9999999999999996
0.9999999999999976
1.0000000000000004
1.0000000000000004
1.0000000000000004
1.0000000000000004
1.0000000000000007
1.0000000000000004
1.0000000000000002
1.0
1.0000000000000016
0.9999999999999997
1.0000000000000004
0.9999999999999997
1.0000000000000007
1.0000000000000002
1.0000000000000004
1.0000000000000004
0.9999999999999994
0.9999999999999994
0.9999999999999998
0.9999999999999998
1.0000000000000073
1.0000000000000018
1.0000000000000013
1.0000000000000013
0.9999999999999987
0.9999999999999993
0.9999999999999992
0.9999999999999996
1.0
0.9999999999999994
1.0
0.9999999999999994
0.9999999999999999
0.9999999999999998
0.9999999999999996
1.0000000000000002
0.9999999999999994
0.9999999999999993
0.9999999999999998
0.9999999999999992
1.0000000000000018
1.000000000000001
1.0000000000000007
1.0000000000000013
1.0
1.0000000000000002
1.0000000000000002
0.9999999999999998
0.9999999999999982
0.999999999999999
0.9999999999999992
0.9999999999999988
1.0000000000000002
1.0000000000000002
1.0000000000000002
1.0
1.0
1.0000000000000002
1.0
1.0
1.0000000000000004
0.9999999999999998
1.0000000000000004
1.0
1.0000000000000007
1.0000000000000009
1.0000000000000007
1.0000000000000016
1.0000000000000129
0.9999999999999974
0.9999999999999992
0.9999999999999982
0.9999999999999994
0.9999999999999999
1.0000000000000002
0.9999999999999999
1.0000000000000007
1.0000000000000004
1.0000000000000002
1.0000000000000004
0.9999999999999998
0.9999999999999998
0.9999999999999996
0.9999999999999998
0.9999999999999996
1.0000000000000002
0.9999999999999992
0.9999999999999994
1.0000000000000013
1.0000000000000018
1.0000000000000013
1.000000000000001
0.9999999999999993
0.9999999999999993
0.9999999999999994
0.9999999999999993
0.9999999999999994
0.9999999999999999
0.9999999999999998
0.9999999999999998
1.0000000000000007
0.9999999999999981
0.9999999999999983
0.9999999999999973
1.0000000000000024
1.0000000000000013
1.0000000000000027
1.0000000000000013
0.9999999999999988
0.9999999999999982
0.999999999999999
0.9999999999999988
0.9999999999999994
0.9999999999999974
0.9999999999999996
0.9999999999999987
0.999999999999998
0.9999999999999952
0.9999999999999978
1.0000000000000024
0.9999999999999996
0.999999999999999
0.9999999999999994
0.9999999999999997
1.0000000000000064
0.9999999999999992
1.000000000000008
1.0000000000000056
0.9999999999999992
0.9999999999999996
0.9999999999999997
0.9999999999999989
0.9999999999999971
0.9999999999999963
0.999999999999997
0.9999999999999958
1.0000000000000182
1.0000000000000226
1.000000000000017
1.0000000000000189
0.9999999999999951
0.9999999999999929
0.9999999999999948
0.999999999999993
1.000000000000003
1.000000000000002
1.000000000000003
1.000000000000003
0.9999999999999988
0.9999999999999991
0.9999999999999989
0.9999999999999993
0.9999999999999998
1.0
1.0
0.9999999999999998
1.0
1.0000000000000007
1.0000000000000009
1.0
0.9999999999999953
0.9999999999999982
0.9999999999999996
0.9999999999999967
1.0000000000000002
0.9999999999999968
0.9999999999999997
0.9999999999999976
0.9999999999999991
0.9999999999999992
0.9999999999999993
0.9999999999999994
0.9999999999999997
0.9999999999999996
0.9999999999999992
0.9999999999999994
0.9999999999999994
1.0
1.0
0.9999999999999994
1.0000000000000004
1.0
1.0000000000000002
1.0
1.0000000000000004
1.0
1.0000000000000002
1.0
0.9999999999999997
0.9999999999999996
1.0
0.9999999999999996
1.0000000000000007
1.0000000000000004
1.0000000000000002
1.0000000000000002
0.9999999999999999
0.9999999999999999
1.0
1.0
1.0000000000000002
1.0
1.0
1.0
1.0000000000000004
1.0
1.0000000000000002
1.0000000000000002
0.9999999999999994
0.9999999999999997
0.9999999999999994
0.9999999999999998
0.9999999999999996
1.000000000000002
1.0000000000000004
1.0000000000000007
1.0000000000000002
1.0000000000000002
1.0000000000000002
1.0
0.9999999999999988
0.9999999999999996
0.9999999999999993
0.9999999999999992
1.0
1.0
1.0
1.0
1.0
1.0
1.0
1.0000000000000002
0.9999999999999998
0.9999999999999997
0.9999999999999999
1.0000000000000002
1.000000000000002
1.000000000000003
0.9999999999999997
0.9999999999999994
1.0000000000000004
1.0
1.0000000000000002
1.0000000000000004
1.0000000000000016
1.0000000000000009
1.000000000000001
1.0000000000000009
0.9999999999999998
1.0
0.9999999999999998
1.0
0.9999999999999996
1.0000000000000002
1.0000000000000007
1.0000000000000002
1.0000000000000002
0.9999999999999997
0.9999999999999997
0.9999999999999998
0.999999999999999
0.999999999999999
0.9999999999999996
0.9999999999999994
1.0000000000000018
1.000000000000001
1.000000000000001
1.0000000000000007
0.9999999999999999
0.9999999999999997
1.0
0.9999999999999998
0.9999999999999991
0.9999999999999996
0.9999999999999991
0.9999999999999993
1.0000000000000013
1.000000000000001
1.0000000000000007
1.0000000000000007
1.0000000000000002
0.9999999999999998
0.9999999999999997
0.9999999999999997
1.0
0.9999999999999998
1.0000000000000002
1.0000000000000002
0.9999999999999998
1.0000000000000018
1.0000000000000004
1.0000000000000007
0.9999999999999997
0.999999999999999
0.9999999999999993
0.9999999999999996
1.0000000000000007
1.0000000000000009
1.0000000000000007
1.0000000000000002
1.0000000000000002
1.0000000000000004
1.0
0.9999999999999999
0.9999999999999994
0.9999999999999996
0.9999999999999997
0.9999999999999997
1.000000000000002
1.0000000000000024
1.0000000000000022
1.0000000000000009
0.9999999999999987
0.999999999999999
0.9999999999999994
0.999999999999999
0.9999999999999988
0.9999999999999992
0.9999999999999994
0.9999999999999997
1.0000000000000018
1.0000000000000007
1.0000000000000007
1.0000000000000007
0.9999999999999998
0.9999999999999999
1.0
1.0
0.9999999999999996
0.9999999999999993
0.9999999999999994
0.9999999999999994
0.9999999999999997
1.0000000000000002
1.0
1.0000000000000002
1.0000000000000009
1.0000000000000016
1.0000000000000024
1.0000000000000009
1.0
1.0000000000000002
1.0000000000000002
1.0
0.9999999999999996
0.9999999999999994
0.9999999999999994
0.9999999999999994
1.0000000000000004
1.0000000000000016
1.000000000000002
1.0000000000000022
0.9999999999999947
0.9999999999999996
0.9999999999999979
0.9999999999999969
1.0000000000000002
0.9999999999999989
0.9999999999999986
1.0
1.0000000000000009
1.0000000000000009
1.0000000000000009
1.0000000000000009
0.9999999999999993
1.000000000000002
1.0000000000000002
1.0000000000000004
0.9999999999999992
0.9999999999999987
0.9999999999999989
0.9999999999999989
1.0
0.9999999999999998
1.0000000000000002
1.0000000000000002
0.9999999999999993
0.9999999999999991
0.9999999999999991
0.9999999999999996
1.0000000000000016
1.000000000000001
1.0000000000000007
1.0000000000000022
0.9999999999999913
0.999999999999992
0.9999999999999906
0.9999999999999882
1.0000000000000029
1.0000000000000036
1.0000000000000018
1.0000000000000013
0.9999999999999998
0.9999999999999997
0.9999999999999998
0.9999999999999996
1.000000000000001
1.0000000000000002
1.0
0.9999999999999997
0.9999999999999994
0.9999999999999991
0.9999999999999992
0.999999999999999
0.9999999999999996
0.9999999999999981
0.9999999999999986
0.9999999999999983
1.0000000000000007
0.9999999999999997
1.0000000000000002
0.9999999999999999
1.0000000000000002
1.0000000000000004
1.0000000000000002
0.9999999999999996
0.9999999999999993
0.9999999999999996
0.9999999999999998
0.9999999999999997
1.0000000000000004
1.0000000000000007
1.0000000000000004
1.0000000000000002
1.0000000000000004
1.0
0.9999999999999993
1.0000000000000002
0.9999999999999993
0.999999999999999
0.9999999999999991
0.9999999999999992
1.0
1.0
0.9999999999999991
1.0
1.0000000000000002
1.0000000000000002
1.0000000000000002
1.0000000000000002
1.0000000000000009
1.000000000000001
1.0000000000000004
1.000000000000001
1.000000000000007
0.9999999999999998
1.0000000000000022
0.9999999999999998
0.9999999999999992
0.9999999999999996
0.9999999999999996
0.9999999999999997
0.9999999999999998
0.9999999999999996
0.9999999999999997
0.9999999999999997
1.0
1.0
0.9999999999999999
0.9999999999999998
1.0000000000000027
0.9999999999999996
0.9999999999999993
1.0
0.999999999999999
0.9999999999999997
0.9999999999999998
0.9999999999999994
1.0000000000000007
1.0000000000000004
1.0000000000000007
1.0000000000000004
0.9999999999999983
0.9999999999999983
0.9999999999999991
0.9999999999999982
1.0000000000000016
1.0000000000000013
1.000000000000001
1.0000000000000009
0.9999999999999889
0.9999999999999978
0.9999999999999959
0.999999999999997
1.0000000000000007
1.0000000000000004
1.0000000000000007
1.0000000000000004
1.0000000000000033
1.000000000000002
1.0000000000000018
1.0000000000000013
0.9999999999999928
0.9999999999999883
0.999999999999979
0.9999999999999994
1.0000000000000042
1.0000000000000022
1.000000000000002
1.000000000000005
0.9999999999999983
0.9999999999999988
0.999999999999999
0.9999999999999989
1.0
0.9999999999999999
1.0
1.0000000000000002
0.9999999999999991
0.9999999999999989
0.999999999999999
0.9999999999999992
1.0000000000000038
1.0000000000000062
1.0000000000000069
1.000000000000009
0.9999999999999643
0.9999999999999771
0.9999999999999528
0.9999999999999837
1.0000000000000133
1.000000000000007
1.0000000000000064
1.0000000000000124
0.9999999999999994
0.9999999999999949
0.9999999999999939
0.9999999999999958
1.0000000000000044
1.0000000000000038
1.000000000000002
1.0000000000000016
0.9999999999999994
0.9999999999999992
0.9999999999999996
0.9999999999999993
1.000000000000004
1.0000000000000013
1.0000000000000016
1.000000000000003
0.9999999999999964
0.9999999999999952
0.9999999999999922
0.9999999999999938
1.000000000000003
1.0000000000000042
1.0000000000000013
1.000000000000002
0.9999999999999996
1.0
1.0000000000000002
0.9999999999999978
1.0000000000000007
1.0000000000000007
1.0000000000000002
1.0
0.9999999999999996
0.9999999999999994
0.9999999999999997
0.9999999999999996
1.0000000000000004
0.9999999999999998
1.0000000000000004
1.0000000000000002
0.9999999999999993
1.0
0.9999999999999993
0.9999999999999996
1.0000000000000009
1.0000000000000004
1.0000000000000002
1.0000000000000004
1.0000000000000007
0.9999999999999996
1.0
1.0
1.0000000000000004
1.0000000000000002
1.0000000000000002
1.0
0.9999999999999991
0.9999999999999988
0.9999999999999993
0.9999999999999998
0.9999999999999996
0.9999999999999999
0.9999999999999997
0.9999999999999997
1.0000000000000009
1.000000000000001
1.000000000000002
1.0000000000000002
0.9999999999999997
0.9999999999999991
0.9999999999999993
0.999999999999999
1.0000000000000042
1.0000000000000016
1.000000000000002
1.0000000000000038
0.9999999999999983
0.9999999999999989
0.9999999999999991
0.9999999999999983
1.0000000000000002
1.0
1.0000000000000004
1.0000000000000002
1.0
1.0000000000000002
1.0000000000000004
1.0000000000000002
1.0000000000000007
1.0000000000000007
1.000000000000001
1.0000000000000002
0.9999999999999998
0.9999999999999998
0.9999999999999999
0.9999999999999998
1.0
0.9999999999999997
1.0
1.0000000000000002
1.0
1.0000000000000002
1.0000000000000002
1.0000000000000004
0.9999999999999984
0.9999999999999984
0.9999999999999992
0.999999999999999
1.0
0.9999999999999998
0.9999999999999999
0.9999999999999999
0.9999999999999998
0.9999999999999999
1.0000000000000002
1.0
0.9999999999999997
0.9999999999999998
1.0
1.0000000000000002
1.0000000000000022
1.0000000000000029
1.0000000000000018
1.0000000000000013
1.0
0.9999999999999999
0.9999999999999996
0.9999999999999996
1.0000000000000002
1.0
1.0000000000000004
1.0
0.9999999999999977
1.0000000000000009
1.0000000000000007
0.9999999999999998
1.0000000000000016
1.0000000000000013
1.0000000000000009
1.0000000000000016
0.9999999999999911
0.9999999999999953
0.9999999999999886
0.9999999999999939
1.000000000000026
1.0000000000000604
1.0000000000000142
1.000000000000008
0.9999999999999949
0.9999999999999964
0.9999999999999951
0.999999999999995
1.0000000000000009
1.0000000000000013
1.000000000000001
1.0000000000000009
0.9999999999999991
0.9999999999999997
0.999999999999999
0.9999999999999994
0.9999999999999996
0.9999999999999989
0.999999999999999
0.9999999999999992
1.0000000000000002
1.0000000000000002
1.0
1.0000000000000002
0.9999999999999999
1.0
1.0
0.9999999999999999
1.0
1.0000000000000004
1.0000000000000007
1.0000000000000004
0.9999999999999984
0.9999999999999991
0.9999999999999987
0.9999999999999991
1.0000000000000007
1.0000000000000004
1.0000000000000009
1.0000000000000007
1.0000000000000002
0.9999999999999988
1.0000000000000004
0.9999999999999998
1.000000000000002
1.0000000000000007
1.0000000000000009
1.0000000000000009
0.9999999999999991
0.9999999999999993
0.9999999999999997
0.9999999999999994
1.0000000000000016
1.000000000000003
1.000000000000001
1.0000000000000009
0.999999999999996
0.9999999999999993
0.9999999999999941
0.9999999999999943
1.000000000000001
1.0000000000000009
1.0000000000000013
1.0000000000000018
0.9999999999999998
0.9999999999999996
0.9999999999999997
0.9999999999999996
1.0
1.0000000000000002
0.9999999999999998
1.0
1.0
1.0
1.0000000000000007
1.0000000000000004
0.9999999999999991
0.9999999999999984
0.9999999999999988
0.9999999999999982
1.0000000000000007
1.0000000000000018
1.0000000000000007
1.0000000000000013
0.9999999999999987
0.9999999999999989
0.9999999999999992
0.9999999999999987
1.0000000000000013
1.0
1.0
1.000000000000002
0.9999999999999998
0.9999999999999991
0.9999999999999993
0.9999999999999988
0.9999999999999994
0.9999999999999993
0.9999999999999996
1.0
0.9999999999999998
0.9999999999999992
0.9999999999999996
0.9999999999999997
0.9999999999999998
1.0000000000000002
1.0
0.9999999999999997
0.9999999999999997
0.9999999999999997
0.9999999999999998
0.9999999999999999
1.0000000000000018
1.0000000000000024
1.0000000000000038
1.0000000000000022
0.9999999999999835
0.9999999999999776
0.9999999999999886
0.9999999999999761
1.0000000000001181
1.0000000000000848
1.0000000000001714
1.0000000000001779
0.9999999999994995
0.9999999999990551
0.9999999999990061
0.9999999999990347
1.0000000000003475
1.000000000000347
1.0000000000002631
1.000000000000249
0.9999999999998879
0.9999999999999227
0.9999999999999495
0.9999999999999118
1.0000000000000173
1.000000000000013
1.0000000000000093
1.0000000000000133
0.9999999999999972
0.9999999999999952
0.9999999999999981
0.9999999999999973
0.9999999999999998
1.0
1.0
0.9999999999999998
1.0000000000000004
1.0
1.0000000000000002
1.0000000000000002
1.0000000000000029
1.0000000000000007
1.0000000000000002
1.0000000000000002
0.9999999999999993
0.9999999999999999
0.9999999999999994
1.0
1.0
1.0
1.0000000000000002
1.0000000000000002
0.9999999999999938
0.9999999999999976
0.9999999999999941
0.9999999999999971
1.000000000000002
1.0000000000000027
1.0000000000000024
1.0000000000000018
0.9999999999999998
0.9999999999999999
1.0000000000000002
1.0
1.0000000000000004
0.9999999999999998
1.0
1.0
1.0000000000000004
0.9999999999999997
1.0
1.0000000000000002
0.9999999999999992
0.9999999999999991
0.9999999999999994
0.9999999999999987
0.9999999999999998
0.9999999999999999
1.0
0.9999999999999997
1.000000000000002
1.0000000000000002
1.0000000000000002
1.0
1.0000000000000018
1.0000000000000004
0.9999999999999994
0.9999999999999996
1.0000000000000002
1.0000000000000007
1.0000000000000007
1.0000000000000002
1.0000000000000013
1.0000000000000004
1.0000000000000018
1.0000000000000007
0.9999999999999988
0.9999999999999987
0.9999999999999991
0.9999999999999984
1.0000000000000056
1.0000000000000162
1.000000000000007
1.0000000000000016
0.9999999999999982
0.9999999999999983
0.9999999999999991
0.9999999999999979
1.0000000000000009
1.0000000000000009
1.0000000000000004
1.0000000000000004
1.0000000000000013
1.0000000000000016
1.0000000000000007
1.0000000000000004
0.9999999999999981
0.9999999999999989
0.9999999999999974
0.9999999999999986
1.0000000000000016
1.0000000000000007
1.0000000000000018
1.000000000000001
1.0
0.9999999999999997
0.9999999999999998
0.9999999999999998
0.9999999999999989
0.9999999999999991
0.9999999999999998
0.9999999999999998
0.9999999999999997
1.0000000000000004
0.9999999999999998
0.9999999999999997
1.0
1.0
1.0
1.0000000000000002
0.9999999999999998
0.9999999999999998
0.9999999999999998
0.9999999999999994
1.0000000000000016
1.000000000000003
1.000000000000002
1.0000000000000009
0.9999999999999983
0.9999999999999966
0.9999999999999988
0.9999999999999984
1.0
1.0
1.0000000000000002
1.0000000000000002
1.0000000000000004
1.0000000000000007
1.0000000000000009
1.0000000000000007
0.9999999999999947
0.9999999999999986
0.9999999999999997
0.9999999999999997
0.9999999999999998
0.9999999999999999
0.9999999999999999
0.9999999999999998
0.9999999999999994
0.9999999999999996
0.9999999999999991
0.9999999999999993
1.0000000000000007
1.0000000000000004
1.0000000000000002
1.0000000000000004
0.9999999999999999
0.9999999999999998
1.0000000000000002
1.0000000000000002
0.9999999999999997
0.9999999999999997
1.0
0.9999999999999996
1.0
0.9999999999999998
1.0000000000000002
1.0
1.0
1.0000000000000004
1.0000000000000004
1.0000000000000009
0.9999999999999982
0.9999999999999999
0.9999999999999983
0.9999999999999989
1.0000000000000018
1.0000000000000036
1.0000000000000016
1.0000000000000047
1.0000000000000007
0.9999999999999996
0.9999999999999996
0.9999999999999996
1.0000000000000004
1.0000000000000007
1.0000000000000002
1.0000000000000004
1.0000000000000004
1.0000000000000004
1.0000000000000002
1.0000000000000002
0.9999999999999994
0.9999999999999998
0.9999999999999998
0.9999999999999998
0.9999999999999984
0.9999999999999981
0.9999999999999979
0.9999999999999993
1.000000000000001
1.0000000000000004
1.0000000000000002
1.0000000000000009
0.9999999999999986
1.0000000000000004
1.0000000000000004
1.0000000000000004
0.9999999999999996
0.9999999999999999
0.9999999999999992
0.9999999999999999
1.0000000000000004
1.000000000000002
1.0000000000000087
1.0000000000000073
0.9999999999999983
0.9999999999999974
0.9999999999999987
0.9999999999999982
1.0000000000000009
1.0000000000000009
1.0000000000000007
1.0000000000000004
0.9999999999999992
0.9999999999999993
0.9999999999999991
0.999999999999999
1.0000000000000004
1.0000000000000009
1.0000000000000004
1.0000000000000042
0.9999999999999991
0.9999999999999993
0.9999999999999991
0.9999999999999988
0.9999999999999986
0.9999999999999997
1.0000000000000002
1.0000000000000002
