1.1609179125161992e-14
1.0000000000000002
1.0
1.0000000000000002
0.9999999999999999
0.9999999999999998
0.9999999999999994
1.0
1.0000000000000002
0.9999999999999994
0.9999999999999996
0.9999999999999997
0.9999999999999994
0.9999999999999991
1.0000000000000002
1.0000000000000018
1.0000000000000002
0.9999999999999998
0.9999999999999997
0.9999999999999988
0.9999999999999986
1.000000000000002
1.0000000000000013
1.0000000000000013
1.0000000000000033
1.0000000000000002
0.9999999999999989
0.9999999999999993
0.999999999999999
1.0000000000000024
1.0000000000000027
1.0000000000000009
1.0000000000000004
0.9999999999999999
1.0
0.9999999999999997
1.0000000000000002
0.9999999999999997
0.9999999999999997
0.9999999999999999
0.9999999999999997
1.0000000000000004
1.0000000000000004
1.0000000000000002
1.0000000000000004
1.0000000000000009
1.0000000000000004
1.0000000000000007
1.0
0.9999999999999998
0.9999999999999998
0.9999999999999998
1.0000000000000002
0.9999999999999997
0.9999999999999991
0.9999999999999994
0.9999999999999991
1.0000000000000056
1.0000000000000067
1.0000000000000084
1.0000000000000029
0.999999999999999
0.9999999999999973
0.9999999999999977
0.9999999999999978
1.0000000000000004
1.0000000000000016
1.0000000000000007
1.0000000000000004
1.0
1.0
0.9999999999999999
1.0
0.9999999999999994
0.9999999999999998
0.9999999999999996
0.9999999999999994
1.000000000000001
1.0000000000000004
1.0000000000000004
1.0000000000000004
1.0000000000000007
1.0000000000000004
1.0000000000000004
1.0000000000000002
0.9999999999999994
0.9999999999999996
0.9999999999999991
0.9999999999999991
1.0
0.9999999999999991
1.0000000000000004
1.0
0.9999999999999997
0.9999999999999997
0.9999999999999997
1.0000000000000002
0.9999999999999956
0.9999999999999997
1.000000000000001
1.0000000000000007
1.0000000000000016
1.0000000000000016
1.0000000000000013
1.0000000000000004
1.0000000000000002
0.9999999999999994
0.9999999999999996
0.9999999999999998
0.9999999999999993
0.9999999999999981
0.9999999999999989
0.9999999999999992
1.0000000000000004
1.0000000000000002
1.0000000000000002
1.0
0.9999999999999979
0.9999999999999972
0.9999999999999959
0.9999999999999968
0.9999999999999972
1.0000000000000007
0.9999999999999996
0.9999999999999999
1.0000000000000009
1.0000000000000004
1.0
1.0000000000000002
1.0000000000000002
1.0000000000000002
1.0000000000000002
1.0000000000000002
1.0
1.0000000000000002
0.9999999999999998
0.9999999999999997
1.0000000000000007
1.0000000000000016
1.000000000000001
1.0000000000000007
0.9999999999999996
0.9999999999999986
0.9999999999999979
0.9999999999999983
1.0000000000000018
1.0000000000000029
1.0000000000000016
1.0000000000000038
0.9999999999999971
0.9999999999999968
0.9999999999999996
0.9999999999999988
1.0000000000000004
1.0000000000000004
1.0000000000000004
1.000000000000001
1.000000000000001
1.000000000000003
1.0000000000000013
1.0000000000000022
0.9999999999999988
0.9999999999999971
0.999999999999998
0.9999999999999973
1.0000000000000082
1.0
1.0000000000000036
1.0000000000000018
0.9999999999999996
0.9999999999999994
1.0
0.9999999999999998
0.9999999999999987
0.9999999999999986
0.9999999999999989
0.9999999999999988
1.0000000000000004
1.0000000000000002
1.0000000000000004
1.0000000000000007
1.0
0.9999999999999999
0.9999999999999997
0.9999999999999993
0.9999999999999969
0.999999999999997
0.9999999999999971
0.9999999999999999
0.9999999999999994
0.9999999999999992
0.9999999999999991
1.0000000000000002
0.999999999999999
0.9999999999999992
0.9999999999999996
0.9999999999999997
0.9999999999999998
1.0
0.9999999999999998
1.0
1.0000000000000002
0.9999999999999998
1.0
1.0000000000000002
0.9999999999999976
0.9999999999999964
0.999999999999999
0.999999999999999
1.0000000000000002
1.0000000000000004
1.0000000000000007
1.0000000000000007
1.0
1.0
1.0
0.9999999999999998
1.0000000000000002
1.0
1.0000000000000002
1.0000000000000002
0.9999999999999982
0.9999999999999983
0.9999999999999992
0.9999999999999994
1.0
1.0000000000000002
1.0000000000000002
1.0
1.0000000000000002
1.0000000000000002
1.0000000000000007
1.0000000000000007
0.9999999999999992
0.9999999999999997
0.9999999999999997
0.9999999999999994
1.0000000000000013
0.9999999999999997
1.0000000000000002
1.0000000000000004
1.0000000000000004
1.0000000000000007
1.0000000000000004
1.0000000000000002
0.9999999999999992
0.9999999999999992
0.999999999999999
0.9999999999999992
1.0000000000000007
1.000000000000001
1.0000000000000013
1.0000000000000004
1.0000000000000009
1.0000000000000002
1.0000000000000004
1.0000000000000002
0.9999999999999963
1.0000000000000004
0.9999999999999983
0.9999999999999993
1.0000000000000018
1.0000000000000024
1.0000000000000029
1.0000000000000009
0.9999999999999988
0.999999999999998
0.9999999999999986
0.9999999999999986
0.9999999999999888
1.0000000000000082
1.000000000000004
1.0000000000000038
0.9999999999999996
1.0000000000000002
1.0
1.0
0.9999999999999992
0.9999999999999993
0.9999999999999996
0.9999999999999993
1.0000000000000022
1.000000000000001
1.0000000000000004
1.0000000000000013
1.000000000000001
1.000000000000001
1.0000000000000013
1.000000000000001
0.9999999999999817
0.9999999999999968
0.9999999999999928
0.9999999999999939
1.0
1.0000000000000013
1.0000000000000004
1.0000000000000007
0.9999999999999998
1.0000000000000009
1.0000000000000002
0.9999999999999999
0.9999999999999996
0.9999999999999997
0.9999999999999997
0.9999999999999992
1.0000000000000002
1.0000000000000002
1.0000000000000002
1.0
1.0
1.0
1.0
1.0
1.0000000000000007
1.0000000000000009
1.000000000000001
1.0000000000000004
1.0000000000000007
1.0000000000000007
0.9999999999999998
1.0000000000000007
1.0000000000000078
1.000000000000001
1.0
1.000000000000001
0.9999999999999993
0.9999999999999982
0.9999999999999988
0.9999999999999988
1.0
0.9999999999999999
1.0
1.0000000000000002
1.0000000000000033
1.0000000000000018
1.000000000000003
1.000000000000004
1.0
0.999999999999998
0.9999999999999989
0.9999999999999998
1.000000000000001
1.0000000000000009
1.0000000000000002
1.0000000000000002
1.0000000000000004
1.0
1.0
1.0
0.9999999999999992
0.9999999999999991
0.9999999999999987
0.9999999999999989
1.0000000000000002
1.0000000000000002
1.0000000000000002
1.0000000000000004
1.0000000000000013
1.0000000000000009
1.0000000000000002
1.0000000000000002
1.0000000000000002
1.0
1.0
1.0
1.0000000000000009
0.9999999999999977
0.999999999999999
0.9999999999999977
1.0000000000000022
1.0000000000000018
1.000000000000002
1.0000000000000016
0.9999999999999989
0.9999999999999981
0.999999999999999
0.9999999999999993
0.9999999999999999
1.0
0.9999999999999997
1.0
1.0
1.0000000000000002
1.0
0.9999999999999998
0.9999999999999996
1.0
1.0
0.9999999999999994
1.000000000000006
1.000000000000005
1.0000000000000064
1.0000000000000002
1.0000000000000449
1.0000000000000049
1.0000000000000122
1.0000000000000093
0.9999999999999971
0.9999999999999971
0.9999999999999986
0.9999999999999976
1.0000000000000004
1.0000000000000004
1.0000000000000007
1.0000000000000007
1.0
1.0
0.9999999999999998
1.0
1.0000000000000007
1.0000000000000002
1.0000000000000004
1.0
1.0000000000000009
0.9999999999999989
0.9999999999999999
1.0000000000000002
0.9999999999999997
0.9999999999999998
1.0000000000000004
1.0
0.9999999999999996
0.9999999999999998
1.0000000000000002
1.0
1.0
0.9999999999999998
1.0
0.9999999999999997
0.9999999999999942
0.9999999999999982
1.000000000000003
1.000000000000002
0.9999999999999996
0.9999999999999993
0.999999999999999
0.9999999999999994
1.000000000000001
1.0000000000000007
1.0000000000000009
1.0000000000000009
1.0000000000000002
0.9999999999999998
0.9999999999999997
0.9999999999999996
1.0000000000000002
0.9999999999999999
1.0
1.0000000000000002
1.0000000000000002
1.0
1.0000000000000002
0.9999999999999998
0.9999999999999996
0.9999999999999997
0.9999999999999996
0.9999999999999997
1.0000000000000029
1.0000000000000084
1.000000000000009
1.0000000000000033
0.9999999999999984
0.9999999999999989
0.9999999999999989
0.9999999999999986
0.9999999999999994
0.9999999999999994
0.9999999999999993
0.999999999999999
1.0000000000000073
1.0000000000000109
1.0000000000000082
1.0000000000000067
0.9999999999999974
0.9999999999999976
0.999999999999998
0.9999999999999969
1.0000000000000018
1.0000000000000002
1.000000000000001
1.0000000000000018
1.0
0.9999999999999969
0.9999999999999978
0.9999999999999994
1.0000000000000155
0.9999999999999996
1.0000000000000004
1.0
0.9999999999999996
0.9999999999999994
0.9999999999999999
0.9999999999999998
0.9999999999999994
1.0
1.0
0.9999999999999998
1.0000000000000007
1.0000000000000002
1.0000000000000004
1.0000000000000007
0.9999999999999986
0.9999999999999986
0.9999999999999989
1.0
1.0000000000000007
1.000000000000001
1.000000000000001
1.0000000000000013
0.9999999999999996
1.0
0.9999999999999994
0.9999999999999998
0.9999999999999989
0.9999999999999991
0.9999999999999994
0.9999999999999993
0.999999999999999
0.9999999999999996
0.9999999999999997
0.9999999999999992
0.9999999999999977
1.0000000000000044
1.0000000000000087
1.0000000000000098
0.9999999999999973
0.9999999999999977
0.9999999999999974
0.9999999999999986
1.0000000000000002
1.0000000000000004
1.0000000000000002
1.0000000000000002
1.0000000000000027
1.0000000000000016
1.0000000000000029
1.0000000000000013
0.9999999999999988
0.9999999999999991
0.999999999999999
0.9999999999999979
0.9999999999999998
0.9999999999999996
1.0
1.0000000000000002
1.000000000000001
1.0000000000000009
1.0000000000000004
1.000000000000001
0.9999999999999905
0.9999999999999956
0.9999999999999957
0.9999999999999926
1.0000000000000047
1.0000000000000036
1.0000000000000044
1.0000000000000044
0.9999999999999991
0.9999999999999969
0.9999999999999997
0.9999999999999988
0.9999999999999992
0.9999999999999996
0.9999999999999993
0.999999999999999
1.0000000000000004
1.0000000000000004
1.0000000000000018
1.0000000000000004
1.0000000000000009
1.0000000000000002
1.0
1.0000000000000002
1.0000000000000016
1.0000000000000007
1.0000000000000002
1.0000000000000002
1.0000000000000004
1.0000000000000002
1.0000000000000002
1.0000000000000002
1.0
1.0000000000000002
1.0
1.0
0.9999999999999998
0.9999999999999988
0.9999999999999982
0.9999999999999986
1.0000000000000007
1.0000000000000007
1.0000000000000004
0.9999999999999998
0.9999999999999951
0.9999999999999984
1.0000000000000009
1.000000000000001
0.9999999999999998
0.9999999999999996
0.9999999999999984
0.9999999999999964
1.000000000000002
1.0000000000000007
1.0000000000000009
1.000000000000001
0.9999999999999999
0.9999999999999998
0.9999999999999998
0.9999999999999997
1.0000000000000009
1.0000000000000018
1.0000000000000007
1.000000000000002
0.999999999999999
0.9999999999999991
0.9999999999999992
0.9999999999999996
0.9999999999999979
0.9999999999999992
0.9999999999999996
0.9999999999999992
1.000000000000007
1.000000000000001
1.0000000000000002
0.9999999999999999
1.0000000000000004
1.0000000000000007
1.0000000000000004
1.0000000000000004
0.9999999999999997
0.9999999999999998
1.0000000000000007
1.0000000000000004
0.9999999999999981
0.9999999999999979
0.9999999999999991
0.9999999999999984
1.0000000000000004
1.0000000000000004
1.0000000000000004
1.0000000000000007
0.9999999999999977
0.9999999999999994
0.9999999999999974
0.999999999999998
0.9999999999999983
1.0
0.9999999999999979
0.9999999999999981
0.9999999999999993
1.0000000000000007
1.0000000000000004
1.0
1.0000000000000002
1.0
1.0000000000000002
1.0
0.9999999999999997
0.9999999999999997
0.9999999999999999
1.0000000000000002
0.9999999999999999
1.0000000000000004
0.9999999999999993
1.0
1.0000000000000004
1.0000000000000002
1.0000000000000002
1.0000000000000004
1.0000000000000009
1.0000000000000004
1.0000000000000007
1.0000000000000007
0.9999999999999994
1.0
1.0
1.0000000000000002
0.9999999999999994
0.9999999999999996
0.9999999999999999
0.9999999999999993
1.0000000000000082
1.0000000000000029
1.0000000000000027
1.0000000000000038
0.9999999999999992
0.9999999999999998
0.9999999999999998
0.9999999999999999
0.9999999999999943
0.9999999999999988
0.9999999999999997
0.999999999999999
0.9999999999999999
0.9999999999999997
0.9999999999999997
1.0
0.9999999999999991
0.9999999999999988
0.9999999999999987
0.9999999999999992
0.9999999999999997
1.0000000000000002
1.0000000000000002
1.0000000000000002
0.9999999999999997
1.0000000000000002
0.9999999999999999
0.9999999999999996
0.9999999999999997
1.0000000000000002
1.0
0.9999999999999999
0.9999999999999996
0.9999999999999993
1.0000000000000007
1.0000000000000007
1.0000000000000007
1.000000000000001
1.0000000000000002
1.0000000000000002
0.9999999999999984
0.9999999999999993
0.9999999999999994
1.0
1.0000000000000002
1.0
1.0
1.0
0.9999999999999951
0.9999999999999969
0.9999999999999946
0.9999999999999998
1.0000000000000009
1.0000000000000004
1.0000000000000002
1.0000000000000002
1.0000000000000018
1.0000000000000036
0.9999999999999994
0.9999999999999997
0.9999999999999998
1.0000000000000002
0.9999999999999999
0.9999999999999999
0.9999999999999993
0.9999999999999992
0.9999999999999999
1.0
0.9999999999999992
0.9999999999999997
0.9999999999999996
0.9999999999999994
1.0000000000000022
1.0000000000000004
1.0000000000000009
1.0000000000000009
1.0
0.9999999999999994
0.9999999999999998
0.9999999999999996
1.0000000000000007
1.0000000000000007
1.0000000000000004
1.0000000000000004
0.9999999999999998
0.9999999999999998
0.9999999999999998
1.0
0.9999999999999996
0.9999999999999992
0.9999999999999994
0.9999999999999996
0.9999999999999993
0.9999999999999993
0.9999999999999993
0.9999999999999998
0.9999999999999991
0.9999999999999982
1.0000000000000002
1.0
1.0000000000000002
0.9999999999999997
0.9999999999999997
0.9999999999999996
1.0000000000000007
1.0
1.0000000000000002
1.0
1.0000000000000002
1.0000000000000002
1.0
1.0
1.0000000000000002
1.0000000000000004
1.0000000000000007
1.0000000000000007
0.9999999999999906
0.9999999999999981
0.9999999999999981
0.9999999999999988
0.9999999999999997
0.9999999999999997
1.0
1.0
0.9999999999999999
1.0
1.0000000000000002
1.0
1.0
1.0
1.0000000000000002
1.0000000000000002
1.0000000000000004
1.0000000000000009
1.0000000000000007
1.0000000000000007
0.9999999999999989
0.9999999999999981
0.9999999999999992
0.9999999999999996
1.0000000000000007
1.0000000000000002
1.0
1.0000000000000002
1.0
1.0000000000000002
0.9999999999999998
1.0
0.9999999999999982
1.0000000000000009
1.0
1.0000000000000004
0.9999999999999994
0.9999999999999998
0.9999999999999992
0.9999999999999992
1.0
1.0
1.0000000000000002
1.0000000000000007
0.9999999999999978
0.9999999999999986
0.9999999999999988
0.9999999999999988
1.0000000000000009
1.000000000000002
1.000000000000001
1.0000000000000022
1.0000000000000029
1.0000000000000002
1.0
0.9999999999999992
0.9999999999999983
0.9999999999999992
0.9999999999999991
0.9999999999999998
1.0000000000000013
1.000000000000001
1.0000000000000009
1.0000000000000009
0.9999999999999997
0.9999999999999998
0.9999999999999998
0.9999999999999998
0.9999999999999998
0.9999999999999997
0.9999999999999993
0.9999999999999996
1.0000000000000004
1.0000000000000004
1.0000000000000004
1.0000000000000007
0.9999999999999998
0.9999999999999998
0.9999999999999996
1.0
0.9999999999999997
0.9999999999999996
1.0000000000000002
1.0000000000000002
1.000000000000008
1.0000000000000056
1.0000000000000098
1.0000000000000002
0.9999999999999925
0.9999999999999964
1.000000000000002
0.9999999999999961
0.9999999999999984
0.9999999999999992
0.9999999999999994
0.9999999999999981
1.0000000000000395
1.0000000000000189
1.000000000000014
1.000000000000023
1.0000000000002227
1.0000000000000742
1.0000000000001947
1.0000000000001261
0.9999999999999701
0.9999999999999332
0.9999999999999454
0.9999999999999306
1.000000000000016
1.0000000000000306
1.0000000000000306
1.0000000000000295
0.99999999999999
0.9999999999999877
0.9999999999999936
0.9999999999999863
1.0000000000000029
1.0000000000000024
1.0000000000000027
1.0000000000000033
1.0000000000000007
0.9999999999999989
0.9999999999999991
0.9999999999999996
1.0
0.9999999999999997
0.9999999999999993
1.0
1.0
1.0000000000000007
1.0000000000000002
1.0000000000000004
1.0
1.0000000000000002
1.0000000000000007
1.0000000000000002
0.9999999999999976
0.9999999999999991
0.9999999999999987
0.9999999999999991
1.0000000000000009
1.0000000000000007
1.0000000000000004
1.0000000000000002
0.9999999999999993
0.9999999999999996
0.9999999999999994
0.9999999999999993
0.9999999999999998
0.9999999999999983
0.9999999999999996
0.9999999999999996
0.9999999999999998
0.9999999999999991
0.9999999999999988
0.9999999999999997
0.9999999999999991
0.9999999999999993
0.9999999999999997
0.9999999999999998
0.9999999999999979
0.9999999999999994
0.9999999999999989
0.9999999999999982
0.9999999999999981
1.0
1.0
0.9999999999999989
0.9999999999999998
0.9999999999999996
0.9999999999999999
0.9999999999999998
1.0000000000000016
1.0000000000000024
0.9999999999999973
0.9999999999999974
0.999999999999999
0.9999999999999988
0.9999999999999986
0.9999999999999996
1.0000000000000038
1.0000000000000075
1.0000000000000095
1.0000000000000104
0.9999999999999964
0.9999999999999966
0.9999999999999964
0.9999999999999936
1.0000000000000009
1.000000000000001
1.000000000000001
1.0000000000000024
1.0
1.0000000000000002
0.9999999999999999
0.9999999999999997
1.0000000000000007
1.0000000000000009
1.0000000000000009
1.0000000000000004
0.9999999999999986
1.0000000000000002
1.0000000000000002
1.0000000000000002
