8.047440125690528e-15
1.0000000000000004
1.0000000000000004
1.0000000000000004
1.0000000000000009
0.9999999999999989
0.9999999999999989
0.9999999999999986
0.9999999999999987
1.0000000000000038
1.000000000000004
1.0000000000000042
1.000000000000002
1.0000000000000002
0.9999999999999993
0.9999999999999989
0.9999999999999992
0.9999999999999996
0.9999999999999996
0.9999999999999993
0.999999999999999
1.0000000000000029
1.0000000000000018
1.0000000000000033
1.0000000000000004
1.0000000000000007
1.0000000000000007
1.0
1.0000000000000007
1.0
0.9999999999999998
0.9999999999999996
0.9999999999999997
1.0000000000000009
1.0000000000000002
1.0000000000000002
1.0000000000000002
0.9999999999999983
0.9999999999999988
0.999999999999999
0.999999999999999
0.9999999999999998
0.9999999999999999
1.0
0.9999999999999999
1.0000000000000009
1.0000000000000004
1.0000000000000007
1.0000000000000009
1.000000000000001
1.0
0.9999999999999998
0.9999999999999998
0.9999999999999941
0.9999999999999978
0.9999999999999986
0.9999999999999967
0.9999999999999988
0.9999999999999973
0.9999999999999981
0.9999999999999991
1.0000000000000018
1.0000000000000016
1.0000000000000018
1.000000000000002
0.9999999999999988
0.999999999999999
0.9999999999999986
0.9999999999999992
1.0000000000000002
1.0000000000000004
1.0000000000000002
1.0000000000000007
0.9999999999999993
0.9999999999999981
0.9999999999999983
0.9999999999999978
1.0000000000000089
1.0000000000000104
1.000000000000011
1.0000000000000033
0.9999999999999946
0.9999999999999971
0.9999999999999962
0.9999999999999976
1.0000000000000004
1.0000000000000002
1.0000000000000004
1.0000000000000004
0.999999999999998
1.000000000000005
0.9999999999999991
1.0
0.999999999999998
0.9999999999999981
0.9999999999999993
1.0
0.9999999999999998
0.9999999999999997
1.0000000000000009
0.9999999999999998
0.9999999999999998
1.0000000000000004
1.0000000000000002
1.0
0.9999999999999996
0.9999999999999987
0.9999999999999986
0.9999999999999989
0.9999999999999997
1.0000000000000004
1.0000000000000007
1.0000000000000007
1.0000000000000004
1.000000000000001
0.9999999999999997
1.0000000000000002
1.0000000000000044
1.000000000000006
1.0000000000000033
1.000000000000002
0.9999999999999987
0.9999999999999983
0.9999999999999977
0.9999999999999987
1.0000000000000009
1.0000000000000004
1.0000000000000007
1.0000000000000007
1.000000000000001
1.0000000000000009
1.000000000000001
1.0000000000000009
0.9999999999999988
0.9999999999999976
0.9999999999999992
0.9999999999999989
0.9999999999999828
0.9999999999999969
0.9999999999999974
0.9999999999999978
0.9999999999999998
0.9999999999999992
0.999999999999999
0.999999999999999
1.0000000000000016
1.0000000000000013
1.0000000000000013
1.0000000000000009
1.0000000000000002
1.0000000000000004
1.0000000000000002
1.0000000000000002
1.0000000000000002
1.0000000000000007
1.0000000000000007
1.0000000000000002
0.9999999999999998
1.0
0.9999999999999993
0.9999999999999999
0.9999999999999996
1.0
0.9999999999999999
0.9999999999999998
1.0000000000000004
1.0000000000000004
1.0000000000000002
1.0000000000000002
0.9999999999999994
0.9999999999999992
0.9999999999999994
0.9999999999999989
1.0000000000000004
1.0000000000000004
1.0000000000000009
1.0000000000000004
0.999999999999999
0.9999999999999988
1.0000000000000007
1.0
0.9999999999999967
0.9999999999999969
0.9999999999999989
0.9999999999999977
1.000000000000001
1.0000000000000009
1.0000000000000002
1.0000000000000007
1.0000000000000038
1.0000000000000049
1.0000000000000042
1.0000000000000004
0.9999999999999986
0.9999999999999992
0.9999999999999986
0.9999999999999981
1.0000000000000038
1.0000000000000018
1.0000000000000036
1.0000000000000022
0.999999999999998
0.9999999999999978
0.9999999999999978
0.9999999999999986
1.0
1.0
1.0000000000000002
1.0000000000000002
1.0000000000000002
1.000000000000003
1.0000000000000018
1.0000000000000004
1.0000000000000004
0.999999999999999
0.9999999999999993
0.9999999999999997
1.0000000000000004
1.0000000000000007
1.0000000000000007
1.0000000000000004
1.0000000000000002
1.0000000000000002
1.0
1.0
1.0000000000000007
1.0000000000000004
1.0000000000000002
1.0000000000000004
1.000000000000001
1.000000000000001
1.000000000000001
1.0000000000000007
0.9999999999999991
0.9999999999999993
0.9999999999999991
0.9999999999999997
0.9999999999999943
1.0000000000000009
1.0000000000000018
1.0000000000000018
0.9999999999999986
0.9999999999999991
0.9999999999999993
0.9999999999999993
0.9999999999999997
0.9999999999999997
0.9999999999999994
0.9999999999999998
1.0000000000000009
1.0000000000000009
1.0000000000000004
1.0000000000000009
0.9999999999999997
0.9999999999999996
0.9999999999999998
0.9999999999999996
0.999999999999999
0.9999999999999992
0.9999999999999994
0.9999999999999994
1.0
1.0000000000000007
1.0000000000000007
1.0000000000000004
1.0000000000000033
1.0000000000000067
1.0000000000000018
1.0000000000000029
0.9999999999999994
0.9999999999999989
0.9999999999999993
0.9999999999999991
1.0000000000000013
1.0000000000000013
1.0000000000000002
1.0000000000000009
0.9999999999999981
0.9999999999999981
0.9999999999999982
0.9999999999999994
1.0000000000000009
1.0000000000000016
1.0000000000000013
1.0000000000000007
0.9999999999999994
0.999999999999999
0.999999999999999
0.999999999999999
0.9999999999999987
0.9999999999999972
0.9999999999999978
1.0
0.9999999999999991
0.999999999999999
0.999999999999999
0.9999999999999981
1.0000000000000002
1.0000000000000002
1.0
1.0000000000000004
0.9999999999999963
0.9999999999999979
0.9999999999999961
0.9999999999999984
0.9999999999999997
1.0000000000000004
1.0000000000000024
1.000000000000001
0.9999999999999962
0.9999999999999976
0.9999999999999967
0.9999999999999991
1.0000000000000246
1.0000000000000258
1.0000000000000104
1.0000000000000002
0.9999999999999998
0.9999999999999982
0.9999999999999988
1.0000000000000002
1.0000000000000004
1.0
1.0000000000000002
1.0
1.0
1.0
1.0
1.0
0.9999999999999988
0.9999999999999999
1.0000000000000004
1.0000000000000002
0.9999999999999994
0.9999999999999993
0.9999999999999996
0.9999999999999997
1.0
0.9999999999999997
0.9999999999999998
1.0000000000000002
0.9999999999999996
1.0
1.0000000000000002
1.0
0.9999999999999997
1.0000000000000002
0.9999999999999998
0.9999999999999998
1.0000000000000004
0.9999999999999998
1.0000000000000013
1.0000000000000007
0.9999999999999998
1.0000000000000004
1.0
0.9999999999999997
0.9999999999999999
1.0000000000000002
1.0
1.0000000000000002
1.0
0.9999999999999998
1.0000000000000002
1.0000000000000002
0.9999999999999958
0.9999999999999981
0.9999999999999971
0.9999999999999987
1.0000000000000058
1.0000000000000007
1.0000000000000004
1.0000000000000002
0.999999999999999
0.9999999999999993
0.9999999999999992
0.9999999999999994
1.0000000000000002
1.0000000000000002
1.0
1.0
1.0000000000000016
1.0000000000000009
1.0000000000000009
1.000000000000002
0.9999999999999952
0.9999999999999901
0.9999999999999972
0.9999999999999951
1.0000000000000002
1.0000000000000009
1.0000000000000009
1.0000000000000004
1.0000000000000002
1.0
1.0000000000000002
1.0000000000000002
0.9999999999999991
0.9999999999999984
0.9999999999999981
0.9999999999999999
1.0000000000000004
1.0000000000000013
1.0000000000000009
1.000000000000001
0.9999999999999982
0.9999999999999983
0.9999999999999986
0.9999999999999989
0.9999999999999999
0.9999999999999998
0.9999999999999998
1.0000000000000002
1.0000000000000007
1.0000000000000002
1.0000000000000007
1.0000000000000002
0.9999999999999998
0.9999999999999996
0.9999999999999999
1.0000000000000002
0.9999999999999998
0.9999999999999996
0.9999999999999998
0.9999999999999997
1.0000000000000016
0.9999999999999999
1.000000000000002
1.0
1.0000000000000004
1.0000000000000004
1.0000000000000007
1.0000000000000004
0.9999999999999997
0.9999999999999997
0.9999999999999999
1.0
1.0000000000000004
1.0000000000000002
1.0000000000000007
1.0000000000000004
1.0
0.9999999999999998
1.0000000000000002
1.0000000000000002
1.0000000000000007
1.0
0.9999999999999997
0.9999999999999998
1.0000000000000002
0.9999999999999999
1.0000000000000004
1.0000000000000002
0.9999999999999978
0.9999999999999977
0.9999999999999986
0.9999999999999984
1.0000000000000009
1.000000000000001
1.0000000000000018
1.000000000000002
0.9999999999999998
1.0
0.9999999999999998
0.9999999999999994
1.0000000000000002
1.0000000000000007
1.0000000000000002
1.000000000000002
1.0000000000000002
1.0
0.9999999999999998
0.9999999999999999
1.0000000000000002
1.0
1.0000000000000002
1.0000000000000002
1.0000000000000007
1.0000000000000002
1.0000000000000004
1.0000000000000007
0.9999999999999992
0.9999999999999997
0.9999999999999997
0.9999999999999997
0.9999999999999998
1.0
1.0
1.0000000000000002
0.9999999999999996
0.999999999999997
0.999999999999999
0.9999999999999988
1.0000000000000029
1.000000000000002
1.0000000000000002
1.0000000000000004
0.9999999999999999
0.9999999999999997
0.9999999999999999
0.9999999999999998
0.999999999999999
0.9999999999999994
0.9999999999999989
0.9999999999999997
1.0000000000000009
1.0000000000000009
1.000000000000001
1.0000000000000009
1.0000000000000002
0.9999999999999994
0.9999999999999996
0.9999999999999996
0.9999999999999949
0.9999999999999949
0.9999999999999932
0.9999999999999993
1.0
1.0000000000000004
1.0000000000000004
1.0000000000000002
1.0
1.0000000000000002
1.0000000000000002
1.0
0.9999999999999988
0.9999999999999989
0.9999999999999987
0.9999999999999993
0.9999999999999986
0.9999999999999972
0.9999999999999979
0.9999999999999969
1.0000000000000004
1.0000000000000002
1.0000000000000007
1.0000000000000004
1.0000000000000027
1.0000000000000022
1.0000000000000007
1.0000000000000038
0.9999999999999994
0.9999999999999993
0.9999999999999993
0.9999999999999994
1.0000000000000002
1.0000000000000004
1.0000000000000002
1.0
0.999999999999999
0.9999999999999991
0.9999999999999993
0.9999999999999988
1.0000000000000027
1.0000000000000013
0.9999999999999983
1.000000000000001
1.0000000000000016
1.0000000000000009
1.0000000000000016
1.0000000000000004
0.9999999999999979
0.9999999999999976
0.9999999999999958
0.9999999999999974
1.000000000000034
1.0000000000000187
1.0000000000000198
1.0000000000000173
0.9999999999998367
0.9999999999998891
0.9999999999998269
0.9999999999998053
1.0000000000000604
1.0000000000000515
1.0000000000000235
1.0000000000000364
1.0000000000000013
1.000000000000004
1.0000000000000018
0.9999999999999977
1.0000000000000002
1.0000000000000004
1.0000000000000007
1.0000000000000004
0.9999999999999997
0.9999999999999993
0.9999999999999998
1.0
0.9999999999999987
1.0000000000000002
0.9999999999999994
0.999999999999999
1.0000000000000009
1.0000000000000009
1.0000000000000004
1.0000000000000002
1.0000000000000002
0.9999999999999993
0.9999999999999998
0.9999999999999991
1.000000000000004
1.000000000000003
1.0000000000000042
1.0000000000000022
0.9999999999999989
0.9999999999999997
0.999999999999999
0.9999999999999989
1.0000000000000007
1.0000000000000002
1.0000000000000002
1.0000000000000004
0.9999999999999992
0.9999999999999983
0.9999999999999994
0.999999999999998
1.0000000000000002
1.000000000000001
1.0000000000000007
1.0000000000000002
0.9999999999999998
0.9999999999999998
0.9999999999999996
0.9999999999999996
0.9999999999999999
1.0
0.9999999999999999
1.0
1.0000000000000002
1.0000000000000004
1.0000000000000004
1.0000000000000004
1.0000000000000002
1.0
1.0000000000000002
1.0000000000000002
1.000000000000001
0.9999999999999998
1.0000000000000002
0.9999999999999994
0.9999999999999993
0.9999999999999999
0.9999999999999997
0.9999999999999996
1.0000000000000009
1.0000000000000022
1.0000000000000018
1.0000000000000013
1.0000000000000004
1.0000000000000002
1.0000000000000002
1.0
1.0000000000000002
0.9999999999999999
1.0
0.9999999999999999
1.0000000000000009
1.0000000000000004
1.0000000000000004
1.0000000000000004
0.9999999999999998
1.0000000000000002
1.0
1.0
1.0
1.0
1.0
1.0000000000000009
0.9999999999999976
0.9999999999999972
0.9999999999999977
0.9999999999999968
1.0000000000000022
1.0000000000000018
1.0000000000000018
1.0000000000000024
0.9999999999999976
0.9999999999999974
0.9999999999999976
0.9999999999999981
1.000000000000001
0.9999999999999987
0.9999999999999999
0.9999999999999983
0.9999999999999996
0.9999999999999997
0.9999999999999998
0.9999999999999992
1.0000000000000027
1.0000000000000018
1.0000000000000033
1.0000000000000013
0.9999999999999999
1.0
1.0
0.9999999999999999
1.0
1.0
0.9999999999999998
0.9999999999999999
1.0000000000000009
1.0000000000000016
1.000000000000002
1.0000000000000016
0.9999999999999977
0.9999999999999954
0.9999999999999885
0.9999999999999866
1.0000000000000056
1.0000000000000033
1.000000000000002
1.000000000000002
0.9999999999999992
0.9999999999999996
0.9999999999999992
0.9999999999999999
0.9999999999999998
0.9999999999999994
0.9999999999999996
0.9999999999999993
1.000000000000001
1.000000000000001
1.0000000000000013
1.0000000000000009
0.9999999999999921
0.9999999999999926
0.9999999999999986
0.9999999999999993
1.0000000000000009
1.000000000000001
1.0000000000000013
1.0000000000000018
0.9999999999999983
0.999999999999999
0.9999999999999987
0.9999999999999978
1.0000000000000007
0.9999999999999996
1.0000000000000013
1.0000000000000018
0.9999999999999981
0.9999999999999998
0.9999999999999989
0.9999999999999986
1.0000000000000002
1.0000000000000007
1.0000000000000002
1.0000000000000007
0.9999999999999969
0.9999999999999966
0.9999999999999987
0.9999999999999991
1.0000000000000009
1.0000000000000013
1.0000000000000013
1.0000000000000004
1.0000000000000029
0.9999999999999964
1.0000000000000013
1.0000000000000009
0.9999999999999993
0.9999999999999997
0.9999999999999998
0.9999999999999998
1.0000000000000004
1.0000000000000002
1.0000000000000007
1.0000000000000004
0.9999999999999993
0.9999999999999994
0.9999999999999992
0.9999999999999991
1.000000000000004
0.9999999999999994
0.9999999999999999
0.9999999999999999
0.9999999999999994
0.9999999999999999
0.9999999999999996
0.9999999999999994
1.0000000000000009
1.0000000000000013
1.0000000000000016
1.0000000000000013
0.9999999999999994
0.9999999999999992
0.9999999999999994
0.9999999999999997
0.9999999999999998
1.0000000000000004
1.0000000000000013
1.0000000000000009
0.9999999999999989
0.9999999999999993
0.9999999999999993
0.999999999999999
1.0000000000000009
1.0000000000000002
1.0000000000000004
1.0
1.0000000000000007
1.0000000000000007
1.0000000000000007
1.0000000000000004
0.9999999999999931
0.9999999999999957
0.9999999999999973
0.9999999999999993
1.000000000000028
1.000000000000013
1.0000000000000016
1.0000000000000202
0.9999999999999972
0.9999999999999958
0.999999999999996
0.9999999999999972
1.0000000000000018
1.0000000000000013
1.0000000000000018
1.0000000000000016
0.9999999999999983
0.9999999999999991
0.9999999999999992
0.9999999999999998
1.0000000000000044
1.0000000000000013
1.000000000000001
1.0000000000000013
0.9999999999999998
0.999999999999999
0.9999999999999991
0.9999999999999994
1.0000000000000004
0.9999999999999997
1.0000000000000002
0.9999999999999999
1.0000000000000002
1.0
1.0000000000000002
1.0000000000000004
1.000000000000001
1.0000000000000002
1.0000000000000004
1.0
1.0000000000000013
0.9999999999999998
1.0000000000000002
1.0000000000000002
1.0
1.0
1.0000000000000002
1.0000000000000002
0.9999999999999993
0.9999999999999997
0.9999999999999993
0.9999999999999999
1.0
0.9999999999999996
0.9999999999999997
1.0
0.9999999999999994
0.9999999999999999
1.0000000000000002
1.0000000000000002
0.9999999999999881
0.9999999999999918
0.9999999999999848
0.9999999999999807
1.0000000000001124
1.0000000000000415
1.0000000000000795
1.000000000000046
0.9999999999999643
0.9999999999999779
0.9999999999999778
0.999999999999979
1.0000000000000053
1.0000000000000129
1.0000000000000093
1.0000000000000073
0.9999999999999989
0.9999999999999997
0.9999999999999986
0.999999999999999
0.9999999999999828
1.0000000000000007
1.000000000000001
1.000000000000001
0.9999999999999977
0.9999999999999962
0.9999999999999951
0.9999999999999971
1.000000000000021
1.0000000000000153
1.0000000000000169
1.0000000000000202
0.9999999999998663
0.9999999999998964
0.9999999999999447
0.9999999999998898
1.0000000000000275
1.0000000000000377
1.0000000000000187
1.0000000000000235
0.999999999999994
0.9999999999999956
0.9999999999999963
0.999999999999994
1.000000000000001
1.000000000000003
1.000000000000002
1.0000000000000027
0.999999999999999
0.9999999999999997
0.9999999999999988
0.9999999999999993
1.000000000000001
1.0000000000000007
1.0000000000000002
1.0000000000000004
1.0
1.0
1.0
1.0000000000000002
0.9999999999999996
0.9999999999999994
0.9999999999999997
0.9999999999999998
1.0000000000000009
1.0000000000000002
0.9999999999999997
0.9999999999999997
0.9999999999999992
0.9999999999999992
0.9999999999999993
0.9999999999999993
1.0000000000000009
1.0000000000000013
1.0000000000000009
1.0000000000000007
1.0000000000000007
1.0000000000000007
1.0000000000000009
1.0000000000000009
0.9999999999999992
0.9999999999999998
0.9999999999999998
0.9999999999999996
1.0000000000000002
1.0000000000000007
1.0000000000000009
1.0000000000000004
0.9999999999999998
0.9999999999999999
0.9999999999999998
0.9999999999999997
0.9999999999999926
0.9999999999999972
0.999999999999998
0.9999999999999983
1.000000000000001
1.0000000000000004
1.0000000000000004
1.0000000000000009
1.0
0.9999999999999998
0.9999999999999997
1.0000000000000002
1.0000000000000004
1.0000000000000004
1.0000000000000002
1.0000000000000004
0.9999999999999989
0.9999999999999989
0.9999999999999992
0.9999999999999992
1.0
1.0000000000000007
1.0000000000000007
0.9999999999999998
0.9999999999999999
1.0
1.0
1.0000000000000002
1.0000000000000009
1.0000000000000007
1.0000000000000007
1.0000000000000002
0.9999999999999994
0.9999999999999999
1.0000000000000002
0.9999999999999997
1.0000000000000002
1.0000000000000002
1.0
1.0000000000000002
1.000000000000001
1.0000000000000009
1.0000000000000004
1.0
0.9999999999999998
1.0000000000000007
1.0000000000000004
1.0000000000000004
0.9999999999999953
0.9999999999999954
0.9999999999999948
0.9999999999999915
1.000000000000033
1.0000000000000508
1.0000000000000475
1.0000000000000466
0.9999999999999855
0.9999999999999881
0.9999999999999881
0.99999999999998
1.0000000000000024
1.000000000000006
1.000000000000003
1.0000000000000036
0.9999999999999989
0.9999999999999991
0.999999999999999
0.9999999999999989
1.0000000000000027
1.0000000000000007
1.0000000000000009
1.0000000000000004
0.9999999999999996
0.9999999999999996
0.9999999999999993
0.9999999999999991
1.0000000000000033
1.0000000000000009
1.0000000000000013
1.0000000000000016
0.9999999999999922
0.9999999999999956
0.9999999999999937
0.9999999999999942
1.000000000000001
1.0000000000000016
1.0000000000000016
1.0000000000000016
1.0000000000000002
0.9999999999999997
0.9999999999999993
0.9999999999999997
1.0000000000000002
1.0000000000000007
1.0000000000000002
0.9999999999999998
1.0000000000000016
1.0000000000000024
1.000000000000001
1.0000000000000016
0.999999999999999
0.9999999999999994
0.9999999999999984
0.9999999999999991
1.0000000000000009
1.0000000000000004
1.0000000000000007
1.0000000000000004
1.0000000000000002
1.0000000000000009
1.0000000000000004
1.0000000000000002
0.9999999999999997
0.9999999999999994
0.9999999999999997
0.9999999999999997
1.0000000000000004
1.0000000000000002
1.0
1.0000000000000002
0.9999999999999999
1.0
0.9999999999999998
0.9999999999999998
1.0
1.0000000000000002
1.0000000000000002
1.0000000000000002
0.999999999999999
0.9999999999999997
0.9999999999999994
0.999999999999999
1.0000000000000029
1.0000000000000024
1.0000000000000029
1.0000000000000018
0.9999999999999997
1.0000000000000004
1.0000000000000002
1.0000000000000007
0.9999999999999998
0.9999999999999999
1.0000000000000002
1.0000000000000002
1.0
1.0000000000000004
1.0000000000000002
1.0000000000000002
0.9999999999999997
0.9999999999999991
0.9999999999999994
0.9999999999999994
1.0000000000000007
1.0000000000000009
1.0000000000000013
1.0000000000000007
0.9999999999999998
0.9999999999999993
0.999999999999999
0.9999999999999994
1.0
0.9999999999999998
1.0
0.9999999999999997
0.9999999999999996
0.999999999999999
0.9999999999999991
0.9999999999999997
1.0000000000000009
1.000000000000001
1.0000000000000004
1.0000000000000004
1.0000000000000004
1.0000000000000004
1.0000000000000007
1.0000000000000002
0.9999999999999984
0.999999999999998
0.9999999999999992
0.9999999999999989
1.0000000000000016
1.0000000000000007
1.0000000000000016
1.000000000000001
0.999999999999997
0.9999999999999981
0.9999999999999984
0.9999999999999979
1.0000000000000018
1.000000000000001
1.0000000000000009
1.0000000000000013
1.0
0.9999999999999997
1.0000000000000002
0.9999999999999996
0.9999999999999994
0.9999999999999999
1.0
1.0
1.0000000000000007
1.0000000000000016
1.000000000000001
1.0000000000000009
0.9999999999999996
0.9999999999999997
0.9999999999999997
0.9999999999999996
0.9999999999999998
0.9999999999999998
1.0
0.9999999999999999
1.0000000000000002
1.0000000000000002
1.0
1.0000000000000002
0.9999999999999999
1.0
1.0
1.0000000000000002
0.9999999999999998
0.9999999999999993
0.9999999999999996
0.9999999999999999
1.0000000000000004
1.0000000000000004
1.0000000000000004
1.0000000000000013
0.9999999999999933
0.999999999999993
0.999999999999994
0.9999999999999938
1.00000000000004
1.000000000000058
1.0000000000000324
1.0000000000000198
0.9999999999999928
0.9999999999999912
0.9999999999999903
0.9999999999999946
1.0000000000000013
1.000000000000001
1.0000000000000022
1.0000000000000022
0.9999999999999997
0.9999999999999999
0.9999999999999998
0.9999999999999996
1.0000000000000016
1.0000000000000018
1.000000000000001
1.0000000000000009
0.9999999999999967
0.9999999999999977
0.9999999999999967
0.999999999999996
1.0000000000000004
1.0000000000000004
1.0000000000000004
1.0000000000000007
0.9999999999999999
1.0000000000000002
0.9999999999999998
1.0
0.9999999999999992
0.9999999999999989
0.9999999999999988
0.9999999999999993
1.0000000000000002
1.0000000000000007
1.0000000000000007
1.0000000000000004
0.999999999999999
0.9999999999999997
0.9999999999999992
0.9999999999999989
1.000000000000007
1.0000000000000038
1.0000000000000062
1.0000000000000047
1.000000000000003
1.0000000000000164
1.0000000000000016
1.0000000000000013
0.9999999999999989
0.9999999999999989
0.9999999999999989
0.9999999999999991
0.9999999999999996
0.9999999999999998
1.0
0.9999999999999999
1.0000000000000004
1.0000000000000004
1.0000000000000004
1.0000000000000007
0.9999999999999996
0.9999999999999996
1.0
0.9999999999999997
0.9999999999999999
1.0
1.0
0.9999999999999997
1.0
1.0000000000000009
1.0000000000000002
0.9999999999999998
1.0000000000000007
1.0000000000000002
1.0000000000000007
1.0000000000000004
1.0000000000000004
1.0
1.0
1.0000000000000002
0.9999999999999998
0.9999999999999996
0.9999999999999999
1.0
1.0000000000000002
1.0000000000000002
1.0
1.0000000000000002
1.0000000000000007
1.0000000000000009
1.0000000000000009
1.000000000000002
0.9999999999999972
0.9999999999999967
0.9999999999999992
0.9999999999999993
1.0000000000000033
0.9999999999999977
1.0
1.0000000000000002
0.9999999999999977
1.0000000000000009
0.9999999999999998
0.9999999999999982
1.0000000000000009
1.0000000000000009
1.0000000000000009
1.0000000000000004
0.9999999999999986
0.9999999999999984
0.9999999999999986
0.9999999999999977
1.0000000000000033
1.0000000000000053
1.0000000000000053
1.000000000000003
1.0000000000000002
1.0000000000000002
0.9999999999999977
0.9999999999999978
1.0000000000000038
1.0000000000000018
1.0000000000000024
1.0000000000000029
1.0000000000000004
1.0000000000000004
1.0000000000000002
1.0000000000000004
1.0
1.0000000000000004
0.9999999999999997
0.9999999999999994
1.0000000000000002
1.0
1.0000000000000002
1.0000000000000004
1.0000000000000022
1.0000000000000013
1.0
1.0000000000000013
1.000000000000007
1.000000000000003
1.000000000000004
1.0000000000000042
0.9999999999999993
0.9999999999999982
0.9999999999999992
0.9999999999999987
1.0
1.0000000000000004
1.0
1.0
1.0000000000000002
1.0
1.0000000000000002
0.9999999999999997
1.0000000000000002
1.0000000000000007
1.0000000000000004
1.0000000000000004
1.0000000000000002
1.0
1.0000000000000002
1.0000000000000002
0.9999999999999984
0.9999999999999984
0.9999999999999988
0.9999999999999993
1.0000000000000024
1.0000000000000038
1.0000000000000027
1.0000000000000042
0.9999999999999986
0.9999999999999992
0.9999999999999991
0.9999999999999992
0.9999999999999998
1.0
0.9999999999999998
0.9999999999999997
1.0000000000000007
1.0000000000000016
1.0000000000000013
1.0000000000000007
1.0
0.9999999999999999
0.9999999999999999
0.9999999999999996
0.9999999999999997
0.9999999999999993
0.9999999999999996
0.9999999999999997
0.9999999999999997
1.0000000000000004
1.0000000000000002
0.9999999999999999
1.0000000000000004
1.000000000000001
1.0000000000000004
1.0
1.0
0.9999999999999996
0.9999999999999996
0.9999999999999996
0.9999999999999992
0.9999999999999987
0.9999999999999994
0.999999999999999
1.0000000000000018
1.0000000000000013
1.000000000000001
1.000000000000001
0.9999999999999993
0.9999999999999991
0.9999999999999991
0.9999999999999992
1.0000000000000009
1.0000000000000024
1.0000000000000016
1.0000000000000004
0.9999999999999996
0.9999999999999992
0.9999999999999997
0.9999999999999992
1.000000000000002
1.0000000000000016
1.0000000000000007
1.0000000000000007
0.9999999999999994
1.0000000000000002
1.0000000000000002
0.9999999999999997
1.0000000000000002
0.9999999999999982
0.9999999999999982
0.9999999999999993
1.0
1.0
1.0000000000000002
1.0000000000000007
0.9999999999999993
0.9999999999999989
0.9999999999999999
0.9999999999999991
1.0000000000000002
1.0000000000000007
0.9999999999999999
0.9999999999999999
0.9999999999999994
0.999999999999999
0.9999999999999991
0.9999999999999996
0.9999999999999998
1.0000000000000002
1.0000000000000002
1.0000000000000002
0.9999999999999997
0.999999999999999
0.9999999999999994
0.9999999999999988
1.0000000000000016
1.0000000000000009
1.000000000000001
1.0000000000000004
0.9999999999999988
0.9999999999999994
0.9999999999999994
0.9999999999999971
1.0000000000000022
1.000000000000002
1.000000000000002
1.0000000000000009
0.9999999999999962
0.9999999999999943
0.9999999999999952
0.9999999999999957
1.0000000000000022
1.0000000000000013
1.0000000000000024
1.0000000000000016
0.9999999999999972
0.9999999999999983
0.9999999999999988
0.9999999999999981
1.0000000000000009
1.000000000000001
1.0000000000000004
1.0000000000000009
0.9999999999999996
0.9999999999999997
0.9999999999999994
0.9999999999999997
1.000000000000001
1.0000000000000004
1.000000000000001
1.000000000000001
0.9999999999999993
0.9999999999999998
0.9999999999999997
0.9999999999999996
0.9999999999999996
1.0
0.9999999999999999
1.0
1.000000000000005
1.0000000000000007
0.9999999999999997
1.0000000000000009
1.0
1.0000000000000002
1.0000000000000004
1.0000000000000004
1.000000000000001
1.0000000000000013
1.0
0.9999999999999998
0.9999999999999977
0.9999999999999967
0.9999999999999963
0.9999999999999977
1.0000000000000022
1.0000000000000013
1.000000000000001
1.0000000000000009
0.9999999999999999
0.9999999999999997
0.9999999999999999
0.9999999999999997
1.0000000000000007
0.9999999999999998
0.9999999999999992
0.9999999999999996
1.000000000000001
1.0000000000000013
1.000000000000001
1.0000000000000004
1.0000000000000007
1.0000000000000007
1.0000000000000009
1.0000000000000002
1.0000000000000009
1.0000000000000004
1.0000000000000009
1.0000000000000002
1.0000000000000013
1.0000000000000007
1.0000000000000007
1.0000000000000013
0.9999999999999992
0.9999999999999997
0.9999999999999996
0.9999999999999997
0.9999999999999991
0.9999999999999993
0.9999999999999993
0.9999999999999994
1.000000000000001
1.000000000000002
1.000000000000002
1.0000000000000004
0.9999999999999992
0.9999999999999997
0.9999999999999997
0.9999999999999999
0.9999999999999994
0.9999999999999993
0.9999999999999993
0.9999999999999996
0.9999999999999997
1.0
0.9999999999999993
1.0
0.9999999999999993
0.9999999999999979
0.9999999999999993
0.9999999999999988
1.0000000000000002
1.0000000000000004
1.0000000000000002
1.0000000000000004
0.9999999999999992
0.9999999999999996
0.9999999999999993
0.9999999999999973
1.0000000000000016
1.0000000000000016
1.0000000000000007
1.000000000000001
0.9999999999999986
0.999999999999999
0.9999999999999992
0.999999999999999
1.0000000000000004
1.0000000000000002
1.0000000000000002
1.0
0.9999999999999997
0.9999999999999996
0.9999999999999998
1.0
1.0000000000000004
1.0
1.0000000000000002
1.0000000000000004
1.0000000000000007
1.0000000000000004
1.0000000000000009
1.000000000000001
0.9999999999999993
0.9999999999999992
0.9999999999999993
0.999999999999999
0.9999999999999994
0.9999999999999996
0.9999999999999997
0.9999999999999996
0.9999999999999996
0.9999999999999996
0.9999999999999998
0.9999999999999998
1.0000000000000007
1.0000000000000002
0.9999999999999996
0.9999999999999999
1.000000000000001
1.000000000000001
1.0000000000000009
1.000000000000001
0.9999999999999984
0.9999999999999993
0.9999999999999991
0.9999999999999976
1.0000000000000013
1.0000000000000013
1.0000000000000009
1.0000000000000007
1.0
0.9999999999999981
0.9999999999999972
0.9999999999999977
1.0000000000000013
1.0000000000000013
1.0000000000000016
1.0000000000000018
0.9999999999999991
0.9999999999999982
0.9999999999999984
0.9999999999999989
1.000000000000019
1.000000000000015
1.000000000000002
1.0000000000000067
0.9999999999999984
0.9999999999999981
0.9999999999999983
0.9999999999999992
1.0000000000000007
1.0000000000000002
1.0000000000000002
1.0000000000000004
0.9999999999999996
0.9999999999999992
0.9999999999999994
0.9999999999999996
1.0000000000000004
1.0000000000000002
1.0000000000000002
1.0000000000000007
1.0000000000000009
1.0000000000000009
1.0000000000000007
1.000000000000001
1.0000000000000002
1.0
1.0000000000000002
1.0000000000000002
0.9999999999999998
1.0000000000000007
1.0
0.9999999999999998
0.999999999999994
0.9999999999999983
0.9999999999999938
0.9999999999999997
0.9999999999999999
1.0000000000000002
1.0000000000000002
0.9999999999999999
0.9999999999999983
0.9999999999999988
0.9999999999999994
0.999999999999999
0.9999999999999978
1.000000000000003
1.000000000000002
1.0000000000000182
0.9999999999999953
0.9999999999999982
0.999999999999997
0.9999999999999971
1.0000000000000022
1.0000000000000033
1.0000000000000047
1.0000000000000016
0.9999999999999991
0.9999999999999994
0.9999999999999996
0.9999999999999994
0.9999999999999998
1.0
1.0
1.0
0.9999999999999988
0.9999999999999996
0.9999999999999998
0.9999999999999998
1.0000000000000002
1.0000000000000018
1.0000000000000018
1.000000000000002
1.0000000000000002
1.0
0.9999999999999998
0.9999999999999997
1.0000000000000013
1.000000000000001
1.0000000000000002
1.0000000000000004
1.0000000000000087
1.000000000000007
1.0000000000000018
1.0000000000000062
0.9999999999999993
0.9999999999999986
0.9999999999999988
0.9999999999999992
1.0000000000000007
1.0000000000000007
1.0000000000000004
1.0000000000000007
1.0
1.0000000000000002
1.0
1.0
1.000000000000001
1.0000000000000009
1.0000000000000004
1.0000000000000009
0.9999999999999999
0.9999999999999998
0.9999999999999997
0.9999999999999999
1.0
0.9999999999999903
0.9999999999999992
0.9999999999999968
1.0000000000000013
1.0000000000000024
1.0000000000000027
1.000000000000001
1.0000000000000002
1.0
1.0
1.0
1.0000000000000002
1.0
1.0000000000000002
1.0000000000000002
0.9999999999999997
0.9999999999999994
0.9999999999999991
0.9999999999999997
0.9999999999999991
1.0000000000000002
1.0
0.9999999999999998
1.0000000000000002
1.0
0.9999999999999998
0.9999999999999997
1.000000000000002
0.9999999999999989
0.9999999999999993
0.9999999999999994
1.0
0.9999999999999998
0.9999999999999993
0.9999999999999996
1.0000000000000002
1.0
0.9999999999999998
0.9999999999999998
1.0000000000000013
0.9999999999999994
1.0000000000000018
1.0000000000000009
1.0
0.9999999999999999
1.0
1.0
0.9999999999999962
0.9999999999999988
0.9999999999999969
0.9999999999999989
1.0000000000000027
1.000000000000001
1.000000000000001
1.0000000000000013
0.9999999999999999
0.9999999999999963
0.9999999999999996
0.999999999999996
1.000000000000001
1.0000000000000029
1.0000000000000004
1.0000000000000018
0.9999999999999994
0.9999999999999996
0.9999999999999997
0.9999999999999997
0.9999999999999996
0.9999999999999996
0.9999999999999996
0.9999999999999998
1.0000000000000002
1.0000000000000007
1.0000000000000016
1.0000000000000013
0.9999999999999999
0.9999999999999998
0.9999999999999998
0.9999999999999999
0.9999999999999977
0.9999999999999956
0.9999999999999981
0.9999999999999993
0.9999999999999973
0.9999999999999971
0.9999999999999991
0.9999999999999993
1.0000000000000004
1.0000000000000002
1.0000000000000004
1.0000000000000002
0.9999999999999997
0.9999999999999999
1.0
1.0
0.9999999999999998
1.0000000000000002
1.0000000000000002
1.0
1.0000000000000027
1.0000000000000044
0.9999999999999994
0.9999999999999986
0.9999999999999998
1.0
0.9999999999999998
0.9999999999999997
1.0000000000000002
1.0000000000000002
1.000000000000001
1.000000000000001
0.9999999999999989
0.9999999999999988
0.9999999999999987
0.9999999999999992
1.000000000000001
0.9999999999999996
1.0000000000000004
1.0000000000000002
0.9999999999999979
0.9999999999999993
0.9999999999999992
0.9999999999999993
1.0000000000000047
1.0000000000000044
1.0000000000000013
1.0000000000000056
0.9999999999999991
0.9999999999999972
0.9999999999999977
0.9999999999999978
1.0000000000000062
1.0000000000000038
1.0000000000000022
1.0000000000000062
0.9999999999999997
0.9999999999999996
1.0000000000000004
0.9999999999999991
1.0000000000000007
1.0000000000000007
1.0000000000000007
1.0000000000000007
0.9999999999999998
0.9999999999999989
1.0000000000000002
1.0000000000000002
1.000000000000002
1.0000000000000002
1.0000000000000002
0.9999999999999997
1.0000000000000002
1.0
0.9999999999999997
1.0
0.9999999999999973
0.9999999999999998
0.9999999999999999
0.9999999999999997
1.0
1.0
1.0
1.0000000000000002
0.9999999999999997
0.9999999999999997
0.9999999999999997
0.9999999999999996
0.9999999999999998
1.0000000000000002
1.0
1.0000000000000004
1.0000000000000009
1.0000000000000007
1.0000000000000002
1.0000000000000004
0.9999999999999994
0.9999999999999998
0.9999999999999994
0.9999999999999994
0.9999999999999984
0.9999999999999969
0.9999999999999992
0.9999999999999994
1.0000000000000004
1.000000000000001
1.0000000000000009
1.0000000000000009
0.9999999999999991
0.9999999999999994
0.9999999999999999
0.9999999999999999
1.0000000000000004
1.0000000000000002
1.0000000000000002
1.0000000000000002
0.9999999999999998
0.9999999999999992
0.9999999999999994
0.9999999999999992
1.0000000000000004
1.0000000000000002
1.0000000000000007
1.0000000000000002
0.9999999999999931
1.0000000000000009
1.0000000000000022
1.0000000000000007
0.9999999999999993
0.9999999999999992
0.9999999999999996
0.9999999999999996
0.9999999999999994
0.9999999999999993
0.9999999999999994
0.9999999999999998
1.000000000000001
1.000000000000001
1.0000000000000009
1.0000000000000009
1.0
1.0000000000000002
1.0
1.0
1.0
1.0
1.0000000000000002
1.0000000000000004
1.0000000000000007
1.000000000000001
1.0000000000000004
1.0000000000000009
0.9999999999999996
1.0000000000000002
1.0000000000000002
0.9999999999999999
1.0000000000000002
0.9999999999999998
0.9999999999999998
1.0000000000000002
0.9999999999999999
0.9999999999999997
0.9999999999999997
0.9999999999999999
1.0000000000000013
1.0000000000000007
1.000000000000001
1.0000000000000009
0.9999999999999944
0.9999999999999933
0.9999999999999963
0.9999999999999918
1.0000000000000084
0.9999999999999847
1.0000000000000124
1.0000000000000029
0.9999999999999992
0.999999999999999
0.9999999999999998
0.999999999999999
1.0000000000000002
1.0000000000000002
0.9999999999999996
0.9999999999999998
1.0000000000000002
1.0000000000000004
1.0000000000000002
1.0000000000000004
1.000000000000001
0.9999999999999929
0.9999999999999948
0.9999999999999952
1.000000000000002
1.0000000000000004
1.0000000000000002
1.000000000000001
1.0000000000000009
1.0000000000000002
1.0000000000000009
1.0000000000000004
0.9999999999999998
0.9999999999999991
0.9999999999999992
0.9999999999999993
1.0
0.9999999999999998
0.9999999999999994
1.0000000000000002
0.9999999999999983
0.9999999999999906
0.9999999999999994
0.9999999999999989
1.0000000000000002
1.0000000000000002
1.0000000000000002
1.0000000000000002
1.0000000000000002
0.9999999999999978
0.9999999999999998
0.9999999999999993
0.9999999999999999
1.0000000000000002
0.9999999999999996
1.0
0.9999999999999996
0.9999999999999991
0.9999999999999997
0.9999999999999993
1.0000000000000004
1.0000000000000002
1.0000000000000002
1.0000000000000002
1.0
1.0000000000000002
1.0000000000000002
1.0000000000000002
0.9999999999999973
1.0000000000000009
1.0000000000000007
1.0000000000000013
0.9999999999999991
0.9999999999999992
0.9999999999999996
0.9999999999999996
0.9999999999999826
0.9999999999999902
0.9999999999999949
0.9999999999999908
1.0000000000000009
1.000000000000001
1.000000000000001
1.000000000000001
0.9999999999999988
1.0000000000000002
1.0000000000000004
1.0
1.0000000000000002
0.9999999999999998
0.9999999999999997
1.0
1.0000000000000007
1.0
1.0000000000000004
1.0000000000000002
1.0
1.0000000000000009
1.0000000000000002
1.0000000000000004
0.9999999999999998
0.9999999999999999
0.9999999999999996
0.9999999999999994
1.0000000000000064
1.0000000000000013
1.0000000000000027
1.0000000000000029
0.9999999999999992
0.999999999999999
0.999999999999999
0.9999999999999989
1.0000000000000007
1.0000000000000007
1.0000000000000007
1.0000000000000007
0.9999999999999996
0.9999999999999999
0.9999999999999997
0.9999999999999996
0.9999999999999999
0.9999999999999998
0.9999999999999998
0.9999999999999998
0.9999999999999996
0.9999999999999996
0.9999999999999996
1.0
1.0000000000000004
1.0
1.0
1.0
0.9999999999999996
0.9999999999999994
0.9999999999999994
0.999999999999999
1.0000000000000002
1.0000000000000013
1.0000000000000009
1.0000000000000002
0.9999999999999988
1.0000000000000002
1.0000000000000007
1.0000000000000002
1.0
0.9999999999999998
1.0000000000000002
1.0000000000000002
0.9999999999999991
0.9999999999999992
0.9999999999999994
0.9999999999999996
0.9999999999999994
0.9999999999999999
0.9999999999999997
0.9999999999999998
1.0000000000000004
1.0000000000000016
1.0000000000000009
1.0000000000000002
0.9999999999999976
0.9999999999999997
0.9999999999999987
0.9999999999999996
0.9999999999999991
0.9999999999999996
0.9999999999999997
0.9999999999999992
0.9999999999999969
1.0000000000000009
1.0000000000000016
1.0000000000000013
0.9999999999999994
0.9999999999999994
0.9999999999999998
0.9999999999999996
0.999999999999999
0.9999999999999994
0.9999999999999994
0.9999999999999996
1.0000000000000002
0.9999999999999997
1.0000000000000004
1.0000000000000004
0.9999999999999987
0.9999999999999983
1.0000000000000002
1.0000000000000002
1.0000000000000004
1.0000000000000002
1.0000000000000009
1.0
0.9999999999999989
0.9999999999999991
0.9999999999999993
0.9999999999999992
1.0000000000000002
1.0000000000000002
1.0
1.0
1.0000000000000029
1.0000000000000007
1.000000000000001
1.0000000000000009
0.9999999999999982
0.9999999999999982
0.9999999999999988
0.9999999999999993
1.0000000000000024
0.9999999999999986
0.9999999999999976
0.9999999999999984
1.0000000000000004
1.0000000000000002
1.0000000000000004
1.0000000000000004
0.9999999999999996
0.9999999999999998
0.9999999999999998
0.9999999999999997
1.000000000000002
1.0000000000000033
1.0000000000000013
1.0000000000000009
0.9999999999999977
0.9999999999999961
0.9999999999999952
0.9999999999999964
1.0000000000000009
1.0000000000000004
1.0000000000000016
1.0000000000000016
0.9999999999999999
0.9999999999999991
0.9999999999999991
0.9999999999999988
0.9999999999999987
0.9999999999999987
0.9999999999999988
0.9999999999999989
1.0000000000000075
1.0000000000000122
1.0000000000000047
1.0000000000000109
0.9999999999999989
0.9999999999999981
0.9999999999999981
0.9999999999999982
1.0000000000000007
1.0000000000000004
1.0000000000000004
1.0000000000000002
1.0000000000000004
1.0000000000000007
1.0
0.9999999999999999
0.9999999999999994
0.9999999999999998
0.9999999999999993
0.999999999999999
0.9999999999999991
0.9999999999999989
0.9999999999999988
0.9999999999999991
1.0000000000000027
1.0000000000000027
1.0000000000000029
1.000000000000004
0.999999999999998
0.9999999999999983
0.9999999999999979
0.9999999999999984
1.000000000000001
1.0000000000000007
1.0000000000000009
1.0000000000000013
0.9999999999999986
0.9999999999999993
0.9999999999999993
0.9999999999999989
1.000000000000001
1.0
1.0
1.0000000000000002
0.9999999999999999
1.0
1.0
1.0
1.0000000000000007
1.0000000000000007
1.0000000000000004
1.0000000000000004
1.0000000000000016
1.0000000000000013
1.0000000000000009
1.0000000000000004
0.9999999999999999
1.0000000000000002
1.0000000000000007
1.0000000000000002
0.9999999999999999
1.0000000000000002
1.0000000000000002
1.0
1.000000000000003
1.000000000000002
1.0000000000000018
1.0000000000000022
0.9999999999999983
0.9999999999999984
0.999999999999998
0.9999999999999992
1.0000000000000002
1.0000000000000002
1.0
1.0000000000000002
1.0000000000000002
1.0000000000000007
1.0000000000000009
1.0000000000000002
1.0000000000000004
1.0000000000000002
1.0000000000000002
1.0000000000000002
0.9999999999999996
0.9999999999999998
0.9999999999999997
0.9999999999999997
1.0000000000000002
1.0000000000000002
1.0
1.0
1.0000000000000004
0.9999999999999992
0.9999999999999996
0.9999999999999997
0.9999999999999993
0.9999999999999997
1.0
1.0
1.0000000000000075
1.0000000000000129
1.0000000000000016
1.000000000000002
0.999999999999999
0.9999999999999997
0.9999999999999997
0.9999999999999997
1.000000000000002
1.0000000000000029
1.0000000000000022
1.0000000000000016
0.9999999999999988
0.9999999999999992
0.9999999999999992
0.9999999999999993
0.9999999999999997
0.9999999999999999
0.9999999999999997
0.9999999999999997
1.000000000000002
1.0000000000000007
1.000000000000004
1.0000000000000013
0.9999999999999962
1.0000000000000013
1.0000000000000009
1.0000000000000027
1.0
0.9999999999999999
0.9999999999999998
0.9999999999999997
0.9999999999999999
1.0
0.9999999999999998
1.0
1.0
1.0000000000000007
1.0000000000000007
1.0000000000000004
1.0000000000000007
1.0000000000000007
1.0000000000000004
1.0000000000000009
0.9999999999999996
0.9999999999999996
0.9999999999999998
0.9999999999999996
1.0000000000000002
1.0000000000000009
1.0000000000000007
1.0000000000000007
0.999999999999995
0.9999999999999991
0.9999999999999983
0.9999999999999984
1.0000000000000173
0.9999999999999944
0.9999999999999895
0.9999999999999917
1.0000000000000022
1.0000000000000049
1.0000000000000033
1.0000000000000027
0.9999999999999997
0.999999999999999
0.9999999999999998
0.9999999999999991
1.0000000000000007
1.0000000000000002
1.0000000000000004
1.0000000000000007
0.9999999999999997
0.9999999999999988
0.9999999999999996
0.9999999999999992
0.9999999999999998
0.9999999999999997
0.9999999999999996
0.9999999999999997
1.0000000000000002
1.0000000000000002
1.0
1.0000000000000002
0.9999999999999996
0.9999999999999993
0.9999999999999991
0.9999999999999992
1.0000000000000002
0.9999999999999993
1.0
1.0000000000000002
0.9999999999999998
0.9999999999999993
0.9999999999999996
0.9999999999999996
0.9999999999999998
1.0000000000000004
1.0000000000000002
1.0000000000000002
1.0000000000000013
1.000000000000001
1.000000000000001
1.0000000000000016
0.9999999999999993
1.0000000000000007
1.0000000000000004
0.9999999999999997
1.0000000000000002
1.0000000000000007
1.0000000000000004
1.0000000000000007
1.0
1.0
1.0
1.0000000000000002
1.0
1.0
1.0000000000000002
1.0000000000000002
1.0
1.0000000000000004
1.0000000000000002
1.0000000000000004
0.999999999999995
0.9999999999999967
0.9999999999999938
0.999999999999995
1.0000000000000424
1.0000000000000242
1.000000000000017
1.0000000000000189
0.9999999999999933
0.9999999999999971
0.9999999999999956
0.9999999999999938
1.0000000000000018
1.0000000000000024
1.000000000000002
1.0000000000000018
0.9999999999999994
0.9999999999999997
0.9999999999999996
0.9999999999999997
1.0000000000000004
1.0000000000000002
1.0000000000000002
1.0000000000000004
0.9999999999999994
0.9999999999999993
0.9999999999999994
0.9999999999999989
1.0000000000000002
1.0000000000000002
1.0000000000000002
1.0000000000000002
1.0000000000000002
1.0000000000000004
1.0000000000000007
1.0000000000000004
0.9999999999999984
0.9999999999999989
0.999999999999998
0.9999999999999989
1.0000000000000007
1.0000000000000007
1.0000000000000009
1.0000000000000009
1.0000000000000024
1.0000000000000004
0.9999999999999989
1.0000000000000018
0.9999999999999983
0.9999999999999988
0.9999999999999978
0.9999999999999994
1.0000000000000007
1.0000000000000002
1.0000000000000004
1.0000000000000009
0.9999999999999998
0.9999999999999991
0.9999999999999997
0.9999999999999998
0.9999999999999944
0.9999999999999986
0.9999999999999953
0.9999999999999921
1.000000000000001
1.0000000000000013
1.0000000000000029
1.000000000000002
0.9999999999999984
0.9999999999999989
0.999999999999999
0.999999999999999
0.9999999999999992
0.9999999999999997
0.9999999999999993
0.9999999999999994
1.000000000000002
1.000000000000001
1.0000000000000018
1.0000000000000018
1.0000000000000004
0.9999999999999998
0.9999999999999998
0.9999999999999998
1.0000000000000002
1.0000000000000002
1.0000000000000002
1.0000000000000002
0.9999999999999996
0.9999999999999992
0.9999999999999997
0.9999999999999997
0.9999999999999994
0.9999999999999999
0.9999999999999997
1.0
1.0000000000000016
1.0000000000000007
1.0000000000000009
1.0000000000000009
1.000000000000001
0.9999999999999994
0.9999999999999997
1.0
1.0000000000000016
1.000000000000004
1.0000000000000033
1.0000000000000007
0.9999999999999998
0.9999999999999992
0.9999999999999992
0.9999999999999998
1.0000000000000009
1.0000000000000007
1.0000000000000007
1.0000000000000009
0.9999999999999991
0.9999999999999996
0.9999999999999994
0.9999999999999997
1.000000000000001
1.000000000000001
1.0000000000000007
1.000000000000001
0.9999999999999988
0.9999999999999983
0.9999999999999991
0.9999999999999987
0.9999999999999997
0.9999999999999997
0.9999999999999997
0.9999999999999998
1.0000000000000027
1.0000000000000027
1.0000000000000022
1.000000000000002
1.0000000000000002
0.9999999999999994
0.9999999999999997
0.9999999999999997
1.0000000000000009
1.0000000000000009
1.000000000000001
1.000000000000001
0.9999999999999992
0.9999999999999988
0.9999999999999973
0.9999999999999982
1.0000000000000064
1.0000000000000042
1.0000000000000044
1.0000000000000027
1.0
0.9999999999999999
0.9999999999999997
0.9999999999999999
0.9999999999999968
0.9999999999999991
0.9999999999999971
0.9999999999999979
1.0000000000000007
1.0000000000000007
1.0000000000000004
1.0
1.0000000000000002
1.0000000000000002
1.000000000000001
1.0000000000000007
0.9999999999999998
1.0
0.9999999999999997
0.9999999999999996
1.0000000000000007
1.0000000000000013
1.0000000000000009
1.0000000000000004
0.9999999999999973
0.9999999999999976
0.9999999999999973
0.9999999999999977
1.0000000000000204
1.00000000000002
1.0000000000000138
1.0000000000000244
0.999999999999996
0.9999999999999957
0.9999999999999926
0.9999999999999962
1.0000000000000029
1.0000000000000016
1.0000000000000022
1.0000000000000036
1.0000000000000044
1.0000000000000002
0.9999999999999996
1.0000000000000027
1.0000000000000004
1.0000000000000002
1.0000000000000002
1.0000000000000004
1.000000000000001
1.0000000000000004
1.0000000000000007
1.0000000000000009
0.999999999999993
0.9999999999999897
0.9999999999999845
0.9999999999999917
1.0000000000000009
1.0000000000000024
1.000000000000001
1.0000000000000036
1.0000000000000007
0.9999999999999984
0.9999999999999988
0.9999999999999986
0.9999999999999998
1.0000000000000002
1.0
1.0000000000000004
0.9999999999999997
1.0
1.0000000000000007
1.0000000000000004
1.0
1.0
1.0000000000000002
1.0000000000000002
0.9999999999999997
1.000000000000002
1.0000000000000018
1.000000000000001
1.0
1.0
0.9999999999999999
0.9999999999999999
1.000000000000001
1.0000000000000004
1.000000000000001
1.0000000000000004
0.9999999999999989
0.9999999999999987
0.9999999999999992
0.999999999999999
0.9999999999999997
0.9999999999999998
0.9999999999999997
0.9999999999999991
1.0000000000000002
1.0000000000000004
1.0000000000000009
1.0000000000000009
0.9999999999999964
0.9999999999999971
0.9999999999999982
0.9999999999999978
1.0000000000000004
1.000000000000001
1.0000000000000009
1.0000000000000013
0.9999999999999998
0.9999999999999976
0.999999999999998
0.9999999999999984
1.0000000000000007
1.0000000000000007
1.0000000000000007
1.0000000000000007
1.0
1.0
1.0000000000000002
1.0
0.9999999999999986
0.9999999999999991
0.9999999999999984
0.9999999999999987
1.0000000000000002
0.9999999999999999
0.9999999999999999
1.0000000000000002
1.0000000000000004
1.0000000000000016
1.0000000000000002
1.0000000000000004
1.0000000000000002
1.0000000000000009
1.0000000000000002
1.0
1.0000000000000007
1.0000000000000004
1.0000000000000002
1.0
1.0000000000000004
0.9999999999999961
1.0000000000000024
1.000000000000003
1.0
0.9999999999999998
0.9999999999999997
1.0
1.0000000000000002
1.0000000000000002
1.0000000000000002
1.0000000000000002
0.9999999999999997
0.9999999999999997
0.9999999999999999
0.9999999999999999
1.0
0.9999999999999989
0.9999999999999993
0.9999999999999989
1.0000000000000042
1.0000000000000027
1.0000000000000056
1.0000000000000042
0.9999999999999979
0.9999999999999977
0.999999999999999
0.9999999999999978
1.0000000000000009
1.000000000000001
1.0000000000000024
1.000000000000002
0.9999999999999992
0.9999999999999984
0.9999999999999981
0.9999999999999986
1.000000000000005
1.0000000000000058
1.0000000000000049
1.0000000000000064
0.9999999999999972
0.9999999999999992
0.9999999999999974
0.9999999999999981
0.9999999999999993
1.0000000000000007
1.0000000000000009
1.000000000000001
0.999999999999999
0.9999999999999982
0.9999999999999974
0.9999999999999983
1.0000000000000033
1.0000000000000124
1.0000000000000042
1.000000000000009
0.9999999999999989
0.9999999999999996
0.9999999999999983
0.9999999999999991
0.9999999999999994
0.9999999999999997
0.9999999999999996
0.9999999999999996
0.9999999999999997
0.9999999999999996
0.9999999999999997
0.9999999999999996
1.0000000000000009
1.0000000000000004
1.0000000000000007
1.0000000000000009
0.9999999999999999
0.9999999999999997
0.9999999999999996
0.9999999999999996
1.0000000000000002
1.0000000000000002
1.0
1.0000000000000002
1.000000000000001
1.0000000000000002
1.0000000000000007
1.0000000000000002
0.9999999999999994
0.9999999999999993
0.9999999999999998
0.9999999999999994
0.9999999999999994
0.9999999999999997
0.9999999999999998
0.9999999999999996
1.0000000000000004
1.0000000000000007
1.0000000000000004
1.0000000000000016
0.9999999999999989
0.9999999999999991
0.9999999999999989
0.9999999999999982
1.0000000000000009
1.0000000000000009
1.0000000000000009
1.0000000000000018
1.0000000000000002
1.0
1.0
0.9999999999999999
1.0000000000000013
0.9999999999999999
1.0000000000000007
1.0000000000000002
1.0000000000000002
0.9999999999999996
0.9999999999999996
0.9999999999999998
0.9999999999999993
0.9999999999999981
1.0
1.0000000000000004
0.9999999999999993
0.9999999999999991
0.9999999999999996
0.9999999999999996
0.9999999999999989
0.9999999999999933
0.9999999999999959
0.9999999999999993
1.0000000000000007
1.0000000000000004
1.0000000000000009
1.0000000000000004
0.9999999999999991
0.9999999999999996
0.9999999999999994
0.9999999999999993
1.0000000000000007
1.0000000000000002
1.0000000000000009
1.0000000000000004
0.999999999999994
0.9999999999999991
0.9999999999999984
0.999999999999999
1.0000000000000016
1.000000000000005
1.0000000000000029
1.0000000000000024
0.9999999999999926
0.999999999999991
0.9999999999999972
0.9999999999999913
1.0000000000000127
1.0000000000000089
1.0000000000000357
1.00000000000003
0.9999999999999944
0.9999999999999951
0.9999999999999949
0.9999999999999918
1.0000000000000042
1.0000000000000022
1.0000000000000022
1.0000000000000024
0.9999999999999996
0.9999999999999994
0.9999999999999993
0.9999999999999993
1.0000000000000009
1.0000000000000004
1.0000000000000007
1.0000000000000004
0.9999999999999993
0.9999999999999994
0.9999999999999992
0.9999999999999989
0.9999999999999992
0.9999999999999993
1.0
1.0000000000000004
0.9999999999999999
0.9999999999999997
1.0
0.9999999999999998
1.0
1.0000000000000002
1.0000000000000002
1.0
1.0000000000000013
1.0000000000000027
1.0000000000000013
1.0000000000000018
0.999999999999997
0.9999999999999979
0.9999999999999988
0.9999999999999959
1.000000000000001
1.000000000000001
1.000000000000001
1.0000000000000004
0.9999999999999997
0.9999999999999996
0.9999999999999994
1.0
1.0000000000000002
0.9999999999999997
1.0
0.9999999999999997
1.0000000000000002
1.0000000000000004
1.0000000000000013
1.0000000000000013
1.0000000000000004
1.0000000000000004
1.0000000000000013
0.9999999999999994
0.9999999999999996
1.0000000000000002
1.0
1.0
0.9999999999999999
1.0000000000000004
1.0000000000000007
1.0000000000000004
0.9999999999999992
0.9999999999999996
0.9999999999999997
0.9999999999999994
0.9999999999999999
1.0000000000000009
1.0000000000000002
1.0000000000000004
1.0000000000000004
1.0000000000000016
1.0000000000000009
1.0
0.999999999999998
0.9999999999999992
0.9999999999999987
0.9999999999999984
0.9999999999999999
0.9999999999999998
0.9999999999999993
0.9999999999999993
1.0000000000000027
1.0000000000000058
1.0000000000000056
1.000000000000006
0.9999999999999938
0.9999999999999957
0.9999999999999968
0.9999999999999984
0.999999999999999
0.9999999999999991
0.999999999999999
0.9999999999999983
1.0000000000000018
1.0000000000000082
1.0000000000000033
1.000000000000006
0.9999999999999937
0.9999999999999963
0.9999999999999968
0.999999999999998
1.0000000000000004
1.0000000000000002
1.0000000000000002
1.0000000000000007
1.0000000000000002
1.0000000000000002
1.0
1.0000000000000002
1.0000000000000002
1.000000000000001
1.000000000000001
1.0
1.0
0.9999999999999992
0.999999999999999
0.9999999999999994
0.9999999999999998
0.9999999999999988
0.9999999999999996
0.9999999999999993
1.0000000000000007
1.000000000000001
1.0000000000000009
1.0000000000000007
0.999999999999999
0.9999999999999976
0.9999999999999988
0.9999999999999993
1.0000000000000024
1.000000000000001
1.000000000000001
1.0000000000000007
1.0000000000000029
1.0000000000000007
1.0000000000000013
1.000000000000003
0.9999999999999979
0.9999999999999987
0.9999999999999925
0.9999999999999936
1.0000000000000022
1.0000000000000038
1.000000000000002
1.000000000000002
0.9999999999999983
0.9999999999999963
0.9999999999999983
0.9999999999999993
1.0000000000000022
1.0000000000000004
1.000000000000001
1.0000000000000004
0.9999999999999996
0.9999999999999999
1.0000000000000004
1.0000000000000002
1.0
0.9999999999999998
0.9999999999999998
0.9999999999999997
0.9999999999999993
0.9999999999999994
0.9999999999999992
0.9999999999999996
1.0000000000000002
1.0000000000000002
1.0000000000000004
1.0000000000000002
1.0000000000000004
1.0000000000000002
1.0000000000000002
1.0000000000000002
1.0000000000000002
1.0000000000000004
1.0000000000000002
1.0000000000000007
1.0000000000000002
1.0
1.0000000000000002
1.0000000000000004
0.9999999999999993
1.0
0.9999999999999998
0.9999999999999994
0.9999999999999998
1.0
0.9999999999999996
0.9999999999999999
1.0000000000000007
1.0000000000000016
1.0000000000000013
1.0000000000000002
0.9999999999999969
0.9999999999999979
0.9999999999999982
0.9999999999999989
1.0000000000000013
1.0000000000000013
1.0000000000000016
1.0000000000000007
0.9999999999999994
0.9999999999999987
0.9999999999999987
0.9999999999999984
0.9999999999999996
1.0000000000000007
1.0000000000000007
1.0000000000000009
0.9999999999999988
0.9999999999999986
0.999999999999999
0.9999999999999991
1.0000000000000022
1.0000000000000009
1.0000000000000013
1.0000000000000013
1.0000000000000033
1.000000000000002
1.0000000000000013
1.0000000000000004
1.0000000000000002
0.9999999999999998
0.9999999999999998
0.9999999999999997
0.999999999999993
1.0
1.0000000000000024
1.0000000000000036
1.0000000000000002
0.9999999999999996
1.0
1.0000000000000002
0.9999999999999992
0.9999999999999993
0.9999999999999993
0.9999999999999992
1.0000000000000002
1.0000000000000004
1.0000000000000004
1.0000000000000007
0.9999999999999996
1.0000000000000007
1.0000000000000007
1.0000000000000002
0.9999999999999998
1.0000000000000002
1.0000000000000002
1.0000000000000002
0.9999999999999997
0.9999999999999998
0.9999999999999997
1.0000000000000002
0.999999999999998
0.9999999999999957
0.9999999999999971
0.9999999999999989
1.0000000000000038
1.0000000000000062
1.0000000000000016
1.0000000000000013
1.0
0.9999999999999997
0.9999999999999998
0.9999999999999997
1.0000000000000062
0.9999999999999997
0.9999999999999993
0.9999999999999996
1.0000000000000004
1.0000000000000002
1.0000000000000002
1.0000000000000002
0.9999999999999996
0.9999999999999993
0.9999999999999991
0.9999999999999993
1.0000000000000002
1.0000000000000007
1.0000000000000009
1.0000000000000007
1.000000000000001
1.0000000000000004
1.0000000000000007
1.0000000000000004
0.9999999999999998
0.9999999999999999
0.999999999999999
0.9999999999999992
1.0000000000000013
1.0000000000000002
1.0000000000000016
1.0000000000000013
0.9999999999999986
1.0000000000000002
0.9999999999999996
1.0000000000000009
1.0000000000000022
0.9999999999999999
1.0
0.9999999999999999
1.0000000000000016
1.000000000000001
1.0000000000000016
1.0000000000000013
0.9999999999999947
0.9999999999999976
0.9999999999999968
0.9999999999999967
1.0000000000000138
1.0000000000000022
1.000000000000008
1.0000000000000042
0.9999999999999976
0.9999999999999982
0.9999999999999977
0.9999999999999978
1.0000000000000004
1.0000000000000004
1.0000000000000004
1.0000000000000004
0.9999999999999973
1.0000000000000036
1.0000000000000004
1.0000000000000004
0.9999999999999989
1.0
0.999999999999999
0.9999999999999992
1.000000000000001
1.000000000000001
1.0000000000000007
1.000000000000001
1.0000000000000007
1.0
0.9999999999999996
0.9999999999999998
0.9999999999999962
0.9999999999999974
0.999999999999999
0.9999999999999982
1.0000000000000007
1.0000000000000004
1.0000000000000007
1.0000000000000007
0.9999999999999979
0.9999999999999986
0.999999999999998
1.0
1.0000000000000004
1.0000000000000004
1.0
0.9999999999999996
0.999999999999999
0.9999999999999988
0.999999999999999
0.9999999999999998
0.9999999999999992
0.9999999999999996
0.9999999999999996
0.9999999999999998
1.0000000000000007
1.0000000000000004
1.0000000000000007
1.0000000000000007
1.0000000000000004
1.0000000000000002
0.9999999999999993
0.9999999999999994
1.000000000000001
1.000000000000002
1.000000000000001
1.0000000000000009
1.0000000000000007
1.0000000000000004
1.0000000000000004
1.0000000000000007
0.9999999999999993
0.9999999999999992
0.9999999999999992
0.9999999999999991
1.0000000000000004
1.0000000000000007
1.0000000000000004
1.0000000000000004
1.0000000000000027
1.0000000000000009
1.0000000000000004
1.0
1.0000000000000002
1.0000000000000002
1.0000000000000002
1.0000000000000004
0.9999999999999993
1.0000000000000018
1.0000000000000009
1.0000000000000018
0.9999999999999998
0.9999999999999992
0.9999999999999988
0.9999999999999994
1.000000000000001
1.0000000000000004
1.000000000000001
1.0000000000000009
0.999999999999998
1.0
0.9999999999999977
0.9999999999999977
1.0000000000000255
1.000000000000015
1.0000000000000124
1.0000000000000036
0.9999999999999991
0.9999999999999968
0.9999999999999968
0.9999999999999967
1.0000000000000007
1.0000000000000009
1.000000000000002
1.0000000000000007
0.9999999999999994
0.9999999999999993
0.9999999999999994
0.9999999999999993
1.0000000000000018
1.0000000000000009
1.0000000000000027
1.0000000000000007
0.9999999999999997
0.9999999999999993
0.9999999999999998
0.9999999999999993
0.9999999999999999
1.0000000000000018
1.0000000000000007
1.0000000000000009
0.999999999999999
0.9999999999999988
0.9999999999999992
0.9999999999999988
1.0000000000000004
1.0000000000000004
1.0000000000000002
1.0000000000000009
0.9999999999999996
1.0
0.9999999999999993
0.9999999999999996
1.0000000000000009
1.0000000000000007
1.0000000000000007
1.0000000000000007
0.9999999999999992
0.9999999999999949
1.0000000000000002
0.9999999999999999
1.0000000000000002
1.0
1.0000000000000002
1.0
1.0000000000000004
1.0000000000000002
1.0000000000000002
1.0000000000000002
0.9999999999999998
0.9999999999999993
0.9999999999999999
0.9999999999999999
1.0000000000000002
1.0000000000000007
1.0000000000000004
1.0000000000000004
0.9999999999999996
0.9999999999999997
0.9999999999999999
0.9999999999999997
0.9999999999999996
0.9999999999999996
0.9999999999999998
0.9999999999999988
1.0000000000000007
1.0000000000000013
1.0000000000000018
1.0000000000000004
0.9999999999999997
0.9999999999999998
0.9999999999999994
0.9999999999999996
1.0000000000000018
1.0000000000000013
1.0000000000000004
1.0000000000000004
1.0000000000000002
1.0000000000000004
1.0
1.0000000000000004
1.0000000000000002
1.0000000000000002
0.9999999999999999
0.9999999999999999
0.9999999999999998
0.9999999999999986
1.000000000000001
1.0000000000000018
0.9999999999999989
0.9999999999999988
0.9999999999999999
0.9999999999999991
1.0000000000000018
1.0000000000000007
1.0000000000000004
1.0000000000000002
0.9999999999999989
1.0
1.0000000000000002
1.0000000000000002
0.9999999999999978
0.9999999999999977
0.9999999999999981
0.9999999999999966
1.0000000000000027
1.000000000000003
1.000000000000006
1.0000000000000062
0.999999999999954
0.9999999999999666
0.9999999999999633
0.9999999999999895
1.0000000000000027
1.000000000000003
1.0000000000000047
1.0000000000000067
0.9999999999999974
1.0000000000000004
0.999999999999998
1.0
1.0000000000000684
0.9999999999999465
1.000000000000001
1.0000000000000149
0.9999999999999984
0.999999999999997
0.9999999999999971
0.9999999999999968
1.0000000000000004
1.0000000000000004
1.0000000000000007
1.0000000000000007
1.0000000000000004
1.0000000000000009
1.0000000000000004
1.0000000000000007
1.0000000000000002
1.0000000000000002
0.9999999999999999
1.0
1.0000000000000013
0.9999999999999994
0.9999999999999997
0.9999999999999991
0.9999999999999999
1.0
0.9999999999999998
0.9999999999999998
1.0
1.0000000000000002
0.9999999999999998
0.9999999999999998
1.0000000000000002
0.9999999999999999
1.0000000000000004
1.0000000000000004
0.9999999999999998
0.9999999999999999
0.9999999999999998
0.9999999999999998
1.0000000000000002
1.0
1.0000000000000004
1.0000000000000002
0.9999999999999982
1.0
0.9999999999999996
0.9999999999999987
1.0000000000000002
1.0000000000000002
1.0000000000000002
1.0
1.0000000000000004
1.0000000000000007
1.0000000000000002
1.0000000000000007
0.9999999999999988
0.9999999999999991
0.9999999999999984
0.9999999999999988
1.0000000000000013
1.0000000000000004
1.0000000000000009
1.0000000000000013
0.9999999999999993
0.9999999999999998
0.9999999999999997
0.9999999999999991
1.0
0.9999999999999999
1.0
0.9999999999999997
1.0000000000000007
1.0
0.9999999999999992
0.999999999999999
1.0
0.9999999999999999
0.9999999999999998
0.9999999999999996
1.0000000000000002
1.0000000000000002
1.0000000000000002
1.0000000000000002
1.0000000000000009
1.0000000000000002
1.0000000000000004
1.0000000000000007
0.9999999999999992
0.9999999999999994
0.9999999999999991
0.9999999999999994
1.0000000000000009
1.0000000000000009
1.0000000000000007
1.0000000000000007
1.0000000000000002
0.9999999999999994
0.9999999999999996
0.9999999999999989
1.0000000000000004
1.0000000000000013
1.0000000000000018
1.0000000000000009
0.9999999999999971
0.9999999999999979
0.9999999999999992
0.9999999999999977
1.0000000000000007
1.0000000000000036
1.0000000000000022
1.0000000000000013
0.999999999999967
0.9999999999999897
0.9999999999999973
0.9999999999999982
1.0000000000000009
1.0000000000000002
1.0000000000000004
1.0000000000000007
0.9999999999999993
0.9999999999999998
0.9999999999999998
0.9999999999999997
1.0000000000000013
1.0000000000000009
1.0000000000000009
1.0000000000000007
1.0000000000000002
1.0000000000000002
1.0000000000000002
1.0000000000000004
1.0000000000000002
0.9999999999999998
1.0
0.9999999999999994
0.9999999999999998
0.9999999999999999
0.9999999999999999
1.0000000000000002
1.0
0.9999999999999999
1.0
1.0000000000000002
0.9999999999999948
0.9999999999999977
0.9999999999999979
0.9999999999999963
0.9999999999999998
1.0000000000000009
1.0000000000000022
1.0000000000000018
0.9999999999999989
0.9999999999999992
0.999999999999999
0.9999999999999988
1.0000000000000007
1.000000000000001
1.0000000000000007
1.0000000000000009
1.0000000000000016
1.0000000000000018
1.0000000000000018
1.0000000000000004
1.0
0.9999999999999994
0.9999999999999992
0.9999999999999998
0.9999999999999991
0.9999999999999996
0.9999999999999992
0.9999999999999998
1.0000000000000007
1.0000000000000002
1.000000000000001
1.0000000000000004
1.0000000000000002
1.0
1.0000000000000002
1.0000000000000002
1.0000000000000004
1.0000000000000004
1.000000000000001
1.0000000000000002
1.0000000000000004
1.0000000000000004
1.0000000000000004
1.0000000000000007
1.0000000000000007
1.0000000000000004
1.0000000000000009
1.0000000000000004
0.9999999999999986
0.9999999999999993
1.0
0.9999999999999999
0.9999999999999996
0.9999999999999997
0.9999999999999996
1.0
1.0000000000000002
1.0000000000000007
1.000000000000001
1.0000000000000009
0.9999999999999993
0.9999999999999998
0.9999999999999999
0.9999999999999994
1.0000000000000033
1.000000000000003
1.0000000000000027
1.0000000000000002
0.9999999999999103
1.0000000000000024
0.9999999999999923
0.9999999999999882
1.000000000000002
1.0000000000000042
1.0000000000000049
1.0000000000000027
1.0000000000000009
1.000000000000001
1.0000000000000007
1.0000000000000002
0.9999999999999992
0.9999999999999984
0.9999999999999993
0.9999999999999978
1.0000000000000058
1.0000000000000075
1.000000000000012
1.0000000000000075
0.999999999999997
0.9999999999999972
0.9999999999999988
0.9999999999999968
1.0000000000000009
1.0
0.9999999999999999
1.0
1.0000000000000002
1.0
1.0000000000000002
0.9999999999999999
1.0000000000000002
1.0
1.0
0.9999999999999997
0.9999999999999991
0.9999999999999993
0.9999999999999997
0.9999999999999993
1.0
1.0
1.0
1.0
1.0000000000000002
1.0000000000000002
1.0000000000000004
1.0000000000000004
0.9999999999999984
0.9999999999999986
0.9999999999999992
0.9999999999999981
0.9999999999999967
1.0000000000000109
1.000000000000004
1.0000000000000082
0.9999999999999991
0.9999999999999982
0.9999999999999986
0.999999999999999
0.9999999999999991
0.9999999999999993
0.9999999999999993
0.9999999999999994
1.0000000000000007
1.0000000000000007
1.0000000000000007
1.0000000000000009
1.0000000000000004
1.0
1.0
1.0000000000000002
0.9999999999999977
0.9999999999999998
0.9999999999999999
0.9999999999999999
0.9999999999999997
1.0000000000000004
1.0000000000000002
0.9999999999999996
1.0
0.9999999999999992
0.9999999999999997
1.0
0.9999999999999964
0.9999999999999988
0.9999999999999999
0.9999999999999992
1.0000000000000009
1.0000000000000004
1.0000000000000007
1.0000000000000009
0.9999999999999998
0.9999999999999998
0.9999999999999998
1.0000000000000002
0.9999999999999992
0.9999999999999992
0.999999999999999
0.9999999999999996
1.0000000000000018
1.000000000000001
1.0000000000000018
1.0000000000000013
0.9999999999999993
0.999999999999999
0.999999999999999
0.9999999999999991
1.0000000000000022
1.0000000000000022
1.0000000000000024
1.0000000000000038
0.9999999999999992
0.9999999999999988
0.9999999999999996
0.9999999999999986
1.0000000000000007
1.0000000000000002
1.0000000000000002
1.0000000000000002
1.0
1.0
1.0
1.0
1.0
0.9999999999999998
0.9999999999999997
1.0
0.9999999999999991
0.9999999999999991
0.9999999999999986
0.9999999999999996
1.0000000000000078
1.0000000000000075
1.000000000000006
1.0000000000000102
0.9999999999999963
0.9999999999999982
0.9999999999999961
0.9999999999999954
1.0000000000000033
1.0000000000000029
1.0000000000000004
1.0000000000000018
1.0000000000000009
1.0000000000000004
1.0000000000000009
1.0000000000000002
1.0000000000000009
0.9999999999999999
1.0000000000000009
1.000000000000001
1.0000000000000007
1.000000000000001
1.0000000000000007
1.0000000000000007
0.9999999999999991
1.000000000000002
0.9999999999999986
0.9999999999999988
0.9999999999999941
0.9999999999999925
1.0000000000000002
1.0000000000000004
0.9999999999999996
0.9999999999999992
0.9999999999999994
0.9999999999999992
1.0
1.0000000000000004
1.0000000000000004
1.0000000000000002
1.0000000000000004
0.9999999999999998
1.0000000000000002
0.9999999999999998
1.0000000000000004
1.0000000000000007
1.0000000000000007
1.0000000000000002
1.0
1.0000000000000007
1.0000000000000007
1.0000000000000007
0.9999999999999991
1.0000000000000002
0.999999999999999
0.9999999999999992
1.0000000000000007
1.0
1.0000000000000004
1.0000000000000007
1.0000000000000009
1.0000000000000004
1.0000000000000002
1.0000000000000004
0.9999999999999988
0.9999999999999968
0.9999999999999978
0.9999999999999997
1.0000000000000002
1.0000000000000007
1.0000000000000007
1.0000000000000004
1.0000000000000004
1.0000000000000002
1.000000000000001
1.0000000000000002
1.0000000000000036
1.0000000000000033
1.000000000000004
1.0000000000000036
0.9999999999999993
0.9999999999999994
0.9999999999999988
0.999999999999999
1.0000000000000016
1.0000000000000022
1.0000000000000016
1.000000000000002
0.9999999999999759
1.0
0.9999999999999838
0.9999999999999971
1.0000000000000036
1.000000000000004
1.0000000000000029
1.0000000000000022
0.9999999999999992
0.9999999999999991
0.9999999999999987
0.9999999999999991
1.000000000000001
1.0000000000000007
1.0000000000000007
1.0000000000000009
0.9999999999999998
0.9999999999999996
1.0000000000000007
1.0000000000000002
0.9999999999999999
1.0
1.0000000000000002
0.9999999999999996
0.9999999999999997
0.9999999999999993
0.9999999999999997
0.9999999999999991
1.0000000000000069
1.0000000000000047
1.0000000000000004
1.0000000000000002
1.0000000000000013
1.000000000000001
1.0000000000000007
1.0000000000000007
1.0000000000000009
0.999999999999999
0.9999999999999983
0.999999999999999
1.0000000000000044
1.0000000000000027
1.0000000000000027
1.0000000000000016
0.9999999999999996
0.9999999999999997
0.9999999999999997
0.9999999999999994
0.9999999999999994
0.9999999999999998
1.0000000000000007
1.0000000000000002
0.9999999999999993
0.9999999999999996
0.9999999999999993
0.999999999999999
1.0000000000000049
1.0000000000000067
1.0000000000000058
1.0000000000000038
0.9999999999999992
0.9999999999999993
0.9999999999999988
0.9999999999999988
1.0000000000000007
1.0000000000000004
1.0000000000000009
1.0000000000000007
0.9999999999999998
0.9999999999999999
0.9999999999999999
0.9999999999999998
0.9999999999999932
0.9999999999999959
0.9999999999999994
0.9999999999999979
1.0000000000000009
1.0000000000000007
1.0000000000000029
1.0000000000000029
1.000000000000001
1.0000000000000042
1.0000000000000027
1.000000000000004
0.9999999999999977
0.9999999999999967
0.9999999999999974
0.999999999999999
1.0000000000000004
1.0000000000000002
1.000000000000001
1.0000000000000007
1.0000000000000002
1.0
0.9999999999999994
0.9999999999999998
0.9999999999999947
0.9999999999999909
0.9999999999999802
0.9999999999999881
1.0000000000000033
1.0000000000000047
1.0000000000000036
1.000000000000002
0.9999999999999921
1.0000000000000038
1.0000000000000047
1.0000000000000078
0.9999999999999982
0.9999999999999977
0.9999999999999981
0.9999999999999993
1.0000000000000029
1.000000000000002
1.0000000000000033
1.0000000000000036
0.9999999999999997
0.9999999999999996
0.9999999999999997
0.9999999999999996
